YBL030C 1okc A CXT 79 87 91 123 127 182 183 186 187 227 230 231 234 
YBR192W 1okc A CXT 79 87 91 123 127 182 183 186 187 227 230 231 234 
YBR291C 1okc A CXT 79 87 91 123 127 182 183 186 187 227 230 231 234 
YDL029W 3ukr B CKH 202 203 204 209 212 246 247 248 250 252 
YDR140W 3q87 B SAM 4 10 31 33 37 51 52 53 68 69 70 85 86 87 95 96 
YEL006W 1okc A CXT 79 87 91 123 127 182 183 186 187 227 230 231 234 
YER006W 1puj A GNP 58 59 61 62 86 87 88 129 130 131 132 133 134 135 174 
YER146W 1loj G URI 46 48 72 73 74 
YGR096W 1okc A CXT 79 87 91 123 127 182 183 186 187 227 230 231 234 
YHR002W 1okc A CXT 79 87 91 123 127 182 183 186 187 227 230 231 234 
YIL006W 1okc A CXT 79 87 91 123 127 182 183 186 187 227 230 231 234 
YIL134W 1okc A CXT 79 87 91 123 127 182 183 186 187 227 230 231 234 
YIR005W 3lqv A ADE 22 61 91 92 93 96 97 99 
YJL133W 1okc A CXT 79 87 91 123 127 182 183 186 187 227 230 231 234 
YKL091C 3b7z A B7N 60 61 71 109 126 128 131 133 153 179 184 188 189 192 195 196 203 204 207 208 209 210 211 214 223 227 234 235 237 238 241 
YKL120W 1okc A CXT 79 87 91 123 127 182 183 186 187 227 230 231 234 
YLL038C 1h0a A I3P 7 8 11 25 29 30 63 69 73 
YLR249W 2iw3 B ADP 41 42 43 44 82 391 392 395 396 702 921 924 950 
YLR380W 3b7z A B7N 60 61 71 109 126 128 131 133 153 179 184 188 189 192 195 196 203 204 207 208 209 210 211 214 223 227 234 235 237 238 241 
YML064C 1yvd A GNP 14 15 16 17 18 19 20 30 31 32 34 36 37 63 118 119 121 122 148 149 150 
YMR056C 1okc A CXT 79 87 91 123 127 182 183 186 187 227 230 231 234 
YMR079W 1aua A BOG 202 207 208 209 212 240 
YMR079W 1aua A BOG 175 177 194 198 201 202 209 212 
YMR090W 2q4b A NAP 11 13 14 15 16 38 56 57 76 77 78 103 131 132 133 155 174 175 177 205 
YMR097C 1puj A GNP 58 59 61 62 86 87 88 129 130 131 132 133 134 135 174 
YMR186W 2o1v B ADP 107 111 149 154 162 198 199 245 
YNL014W 2iw3 B ADP 41 42 43 44 82 391 392 395 396 702 921 924 950 
YNL206C 3tw1 A AHN 217 237 238 253 297 300 301 
YNL206C 3tw1 A AHN 77 78 79 80 88 159 160 161 164 165 168 
YNL231C 3b7z A B7N 60 61 71 109 126 128 131 133 153 179 184 188 189 192 195 196 203 204 207 208 209 210 211 214 223 227 234 235 237 238 241 
YNL264C 1aua A BOG 202 207 208 209 212 240 
YNL264C 1aua A BOG 175 177 194 198 201 202 209 212 
YOL139C 1wkw A GTA 56 101 102 103 157 162 204 205 206 207 208 211 
YOR130C 1okc A CXT 79 87 91 123 127 182 183 186 187 227 230 231 234 
YOR222W 1okc A CXT 79 87 91 123 127 182 183 186 187 227 230 231 234 
YOR357C 1ocu A PIB 81 82 83 86 112 113 118 127 
YOR370C 1lv0 A GER 25 93 430 431 
YPL059W 2wul D GSH 59 67 69 97 101 108 109 121 122 123 
YPL134C 1okc A CXT 79 87 91 123 127 182 183 186 187 227 230 231 234 
YPL178W 1n52 B GTG 20 43 83 112 114 115 116 123 127 128 133 134 138 
YPL226W 2iw3 B ADP 41 42 43 44 82 391 392 395 396 702 921 924 950 
YPR011C 1okc A CXT 79 87 91 123 127 182 183 186 187 227 230 231 234 
