YDL230W 1t4j A site1 188 189 192 193 196 200 276 277 279 280 282 
YIL094C 3blw A site1 275 277 279 286 287 328 
YFL005W 4luc A site1 7 9 10 11 12 13 16 34 58 60 61 62 63 68 71 72 78 96 99 100 
YHR120W 2o8e A site1 642 648 649 650 651 670 671 672 673 674 675 676 677 815 
YKR014C 4luc A site1 7 9 10 11 12 13 16 34 58 60 61 62 63 68 71 72 78 96 99 100 
YCR005C 4jaf A site1 106 108 109 110 111 112 113 114 145 155 158 159 162 163 167 189 
YLR432W 4dqw B site1 180 136 178 
YOL061W 1dku A site1 140 148 149 310 311 312 315 
YGL179C 3nax A site1 88 91 94 109 111 125 126 134 142 143 159 160 161 162 196 201 203 212 221 222 223 224 225 227 
YDL080C 2vk8 A site1 312 309 287 311 92 310 221 225 285 288 161 220 286 326 
YBR034C 3smq A site1 387 389 392 393 396 420 422 424 466 467 503 
YMR108W 2vk1 A site1 222 312 313 309 287 311 92 310 221 225 285 288 220 286 326 
YBR160W 4ez7 A site1 15 33 35 37 52 55 56 64 66 69 71 76 78 80 144 145 146 148 
YPL204W 1uwj A site1 462 470 480 482 500 504 507 512 513 528 529 530 531 566 571 573 591 592 593 594 601 
YJL164C 4dfx E site1 1 2 3 4 11 14 18 19 100 152 155 156 303 306 
YHR007C 1w0f A site1 213 214 217 219 220 240 
YKL184W 1njj A site1 22 243 339 340 341 382 384 385 
YKL190W 1iq5 A site1 94 95 92 96 101 59 64 98 104 58 97 60 134 22 130 137 62 128 135 27 20 136 63 25 93 23 140 55 31 129 19 61 133 100 24 57 26 28 67 99 132 21 56 131 
YOR089C 4luc A site1 7 9 10 11 12 13 16 34 58 60 61 62 63 68 71 72 78 96 99 100 
YLR113W 3k3j A site1 38 51 53 67 70 71 74 75 83 84 104 106 141 148 167 168 169 
YLR262C 4luc A site1 7 9 10 11 12 13 16 34 58 60 61 62 63 68 71 72 78 96 99 100 
YOR257W 1iq5 A site1 94 95 92 96 101 59 64 98 104 58 97 60 134 22 130 137 62 128 135 27 20 136 63 25 93 23 140 55 31 129 19 61 133 100 24 57 26 28 67 99 132 21 56 131 
YER095W 3ntu A site1 106 107 108 109 110 111 112 113 151 158 161 296 316 317 
YPL106C 3d2f A site1 10 11 12 13 69 205 206 207 208 234 272 275 276 279 342 343 344 346 347 
YDL064W 4mdk A site1 28 45 48 51 52 53 58 131 132 148 151 161 
YPR165W 4m1w A site1 12 
YMR109W 3mjx A site1 238 239 240 261 262 455 456 467 471 474 630 634 638 641 
YDR191W 4c7b A site1 146 157 173 176 179 180 195 228 229 230 231 
YOR339C 4mdk A site1 28 45 48 51 52 53 58 131 132 148 151 161 
YGL058W 4mdk A site1 28 45 48 51 52 53 58 131 132 148 151 161 
YLR259C 1svt A site1 30 31 32 33 51 52 53 87 88 89 90 91 150 414 415 416 454 478 479 480 481 488 493 495 
YER081W 1psd A site1 344 345 346 347 348 349 350 351 370 
YKL134C 4fxy P site1 142 113 73 69 74 491 149 109 114 77 80 72 115 49 45 110 117 120 123 147 150 119 155 116 145 153 106 76 70 146 111 
YER179W 3ntu A site1 106 107 108 109 110 111 112 113 151 158 161 296 316 317 
YBR249C 1of6 B site1 21 22 25 28 
YHR137W 3ath A site1 237 270 279 242 241 269 265 110 129 111 264 239 240 263 115 266 267 268 251 238 322 
YDR373W 1iq5 A site1 94 95 92 96 101 59 64 98 104 58 97 60 134 22 130 137 62 128 135 27 20 136 63 25 93 23 140 55 31 129 19 61 133 100 24 57 26 28 67 99 132 21 56 131 
YKL029C 1o0s A site1 73 78 81 82 105 109 
YAL038W 1a3w A site1 401 402 403 404 405 406 407 408 452 459 483 484 490 491 492 
YOR074C 4fgt A site1 142 160 178 179 180 182 192 
YCR072C 3mks D site1 628 629 630 632 634 649 655 656 657 664 666 667 
YIL074C 1psd A site1 344 345 346 347 348 349 350 351 370 
YKL104C 2poc A site1 372 383 384 474 476 479 484 487 488 489 490 491 492 
YKL116C 4dfx E site1 1 2 3 4 11 14 18 19 100 152 155 156 303 306 
YJL034W 4b9q A site1 10 11 12 13 70 171 196 197 198 199 229 267 270 271 274 341 342 343 345 
YJR109C 1cs0 A site1 783 791 792 793 892 893 895 907 1039 1040 1041 1042 
YPL015C 4c7b A site1 146 157 173 176 179 180 195 228 229 230 231 
YGL026C 2cle B site1 18 
YIL035C 3h30 A site1 39 40 41 67 69 101 103 104 110 
YHR039C 1uxv A site1 72 79 132 133 134 135 154 155 156 157 184 479 
YBR274W 3jvr A site1 93 94 96 97 98 133 173 200 204 205 206 
YMR139W 4ez7 A site1 15 33 35 37 52 55 56 64 66 69 71 76 78 80 144 145 146 148 
YBR028C 4dfx E site1 1 2 3 4 11 14 18 19 100 152 155 156 303 306 
YNL045W 3fud A site1 24 25 26 35 36 161 180 182 188 
YJR045C 4b9q A site1 10 11 12 13 70 171 196 197 198 199 229 267 270 271 274 341 342 343 345 
YLL024C 3d2f B site1 33 
YGL106W 1iq5 A site1 94 95 92 96 101 59 64 98 104 58 97 60 134 22 130 137 62 128 135 27 20 136 63 25 93 23 140 55 31 129 19 61 133 100 24 57 26 28 67 99 132 21 56 131 
YOR375C 1hwy A site1 195 205 206 387 388 390 391 392 393 396 445 
YPL111W 4cev B site1 196 195 199 197 244 
YDL066W 4ja8 A site1 164 294 297 298 306 311 312 315 316 319 320 
YNL202W 4bo9 B site1 106 110 111 114 156 159 160 163 164 
YHR030C 3k3j A site1 38 51 53 67 70 71 74 75 83 84 104 106 141 148 167 168 169 
YER070W 3s8c A site1 226 227 228 231 256 262 263 270 
YPR137W 3mks D site1 628 629 630 632 634 649 655 656 657 664 666 667 
YOR272W 3mks D site1 628 629 630 632 634 649 655 656 657 664 666 667 
YDR523C 4an3 A site1 78 79 97 99 115 118 127 141 143 208 209 210 211 212 215 
YER103W 3d2f B site1 33 
YGL040C 1w5q A site1 181 245 249 
YBL068W 2h07 A site1 132 135 144 146 
YLR133W 3zm9 A site1 117 124 146 194 206 207 208 209 213 306 308 310 329 330 349 354 420 423 435 440 
YPR188C 1iq5 A site1 94 95 92 96 101 59 64 98 104 58 97 60 134 22 130 137 62 128 135 27 20 136 63 25 93 23 140 55 31 129 19 61 133 100 24 57 26 28 67 99 132 21 56 131 
YIR036C 4bo9 B site1 106 110 111 114 156 159 160 163 164 
YKL129C 3mjx A site1 238 239 240 261 262 455 456 467 471 474 630 634 638 641 
YBR169C 2qxl A site1 10 11 12 13 69 205 206 207 208 234 272 275 276 279 342 343 344 346 347 
YPL151C 3mks D site1 628 629 630 632 634 649 655 656 657 664 666 667 
YBR263W 1bj4 A site1 150 53 230 264 120 231 124 121 151 122 263 256 119 202 148 201 147 257 228 254 203 
YLR389C 3tuv A site1 429 895 896 897 898 899 901 902 905 
YKL085W 1ldn A site1 171 183 184 186 
YCR092C 2o8e A site1 642 648 649 650 651 670 671 672 673 674 675 676 677 815 
YGR152C 4luc A site1 7 9 10 11 12 13 16 34 58 60 61 62 63 68 71 72 78 96 99 100 
YML001W 4luc A site1 7 9 10 11 12 13 16 34 58 60 61 62 63 68 71 72 78 96 99 100 
YDR035W 1og0 B site1 21 22 25 28 
YIL066C 3tb9 A site1 226 227 228 231 256 262 263 
YBR082C 4mdk A site1 28 45 48 51 52 53 58 131 132 148 151 161 
YDL108W 4ez7 A site1 15 33 35 37 52 55 56 64 66 69 71 76 78 80 144 145 146 148 
YKL079W 4as7 A site1 112 116 117 118 119 127 130 133 136 137 160 211 214 215 217 218 221 
YKR094C 4mdk E site1 47 
YNL093W 4luc A site1 7 9 10 11 12 13 16 34 58 60 61 62 63 68 71 72 78 96 99 100 
YPL140C 3sls A site1 78 79 97 99 115 127 141 143 207 208 209 210 211 212 
YGL253W 4dch A site1 61 62 63 64 65 66 67 98 99 210 214 455 458 459 
YNL036W 3e3f B site1 39 45 46 47 49 64 
YLR044C 2vk8 A site1 312 309 287 311 92 310 221 225 285 288 161 220 286 326 
YLR377C 1frp A site1 17 20 21 24 26 27 28 29 30 31 112 113 140 160 177 
YPR060C 2csm A site1 74 75 76 
YMR116C 3mks D site1 628 629 630 632 634 649 655 656 657 664 666 667 
YLR208W 3mks D site1 628 629 630 632 634 649 655 656 657 664 666 667 
YNL274C 2p9g A site1 344 346 347 348 349 350 351 370 372 
YER090W 1i1q A site1 38 39 40 48 49 50 291 292 293 453 454 455 463 465 
YHR128W 1jlr C site1 44 65 68 
YHL011C 2h07 A site1 132 135 144 146 
YAL062W 1hwy A site1 195 205 206 387 388 390 391 392 393 396 445 
YDR531W 2i7n A site1 416 417 418 419 420 432 435 436 
YDR097C 2o8e A site1 642 648 649 650 651 670 671 672 673 674 675 676 677 815 
YFL038C 4luc A site1 7 9 10 11 12 13 16 34 58 60 61 62 63 68 71 72 78 96 99 100 
YDR516C 4ixc A site1 61 62 63 65 66 67 68 69 99 159 210 211 214 215 235 451 452 455 456 
YOL128C 3k3i A site1 51 53 71 74 75 84 104 106 141 148 167 168 169 
YAR018C 3sls A site1 78 79 97 99 115 127 141 143 207 208 209 210 211 212 
YGR012W 1fcj A site1 34 267 268 
YFL009W 3mks D site1 628 629 630 632 634 649 655 656 657 664 666 667 
YCL040W 4dch A site1 61 62 63 64 65 66 67 98 99 210 214 455 458 459 
YOR025W 4c7b A site1 146 157 173 176 179 180 195 228 229 230 231 
YHR064C 3d2f B site1 33 
YLR058C 1bj4 A site1 150 53 230 264 120 231 124 121 151 122 263 256 119 202 148 201 147 257 228 254 203 
YDL103C 4bqh A site1 44 45 46 49 50 207 209 232 233 235 236 238 239 242 367 370 371 376 397 
YPL209C 4dfx E site1 1 2 3 4 11 14 18 19 100 152 155 156 303 306 
YAL005C 3d2f B site1 33 
YNR033W 1i1q A site1 38 39 40 48 49 50 291 292 293 453 454 455 463 465 
YBR218C 3ho8 A site1 398 448 449 451 453 493 494 496 497 1055 1056 1057 1080 1081 1085 
YGL062W 3ho8 A site1 398 448 449 451 453 493 494 496 497 1055 1056 1057 1080 1081 1085 
YER099C 2h07 A site1 132 135 144 146 
YEL012W 4mdk A site1 28 45 48 51 52 53 58 131 132 148 151 161 
YLR229C 4luc A site1 7 9 10 11 12 13 16 34 58 60 61 62 63 68 71 72 78 96 99 100 
YER055C 2vd3 A site1 235 236 237 238 240 254 255 256 
YNL307C 4ez7 A site1 15 33 35 37 52 55 56 64 66 69 71 76 78 80 144 145 146 148 
YER031C 4luc A site1 7 9 10 11 12 13 16 34 58 60 61 62 63 68 71 72 78 96 99 100 
YGL158W 4dfx E site1 1 2 3 4 11 14 18 19 100 152 155 156 303 306 
YIL125W 2y0p A site1 822 827 830 1035 1037 1038 1054 1058 1060 1062 1092 1142 1145 1146 1147 1148 1149 1150 
YMR226C 4bo9 B site1 106 110 111 114 156 159 160 163 164 
YKR055W 4luc A site1 7 9 10 11 12 13 16 34 58 60 61 62 63 68 71 72 78 96 99 100 
YIR035C 4bo9 B site1 106 110 111 114 156 159 160 163 164 
YNL098C 4luc A site1 7 9 10 11 12 13 16 34 58 60 61 62 63 68 71 72 78 96 99 100 
YER052C 3c1n B site1 434 435 
YJR010W 1i2d A site1 405 434 437 446 451 454 476 477 478 479 517 527 528 529 530 
YCR027C 4luc A site1 7 9 10 11 12 13 16 34 58 60 61 62 63 68 71 72 78 96 99 100 
YPL203W 4dfx E site1 1 2 3 4 11 14 18 19 100 152 155 156 303 306 
YBL016W 3k3j A site1 38 51 53 67 70 71 74 75 83 84 104 106 141 148 167 168 169 
YMR300C 1ao0 A site1 25 242 244 245 246 259 281 282 283 305 328 
YNL009W 4ja8 A site1 164 294 297 298 306 311 312 315 316 319 320 
YIL042C 2bu8 A site1 53 80 111 112 115 154 157 158 161 
YGL059W 2bu8 A site1 53 80 111 112 115 154 157 158 161 
YPL031C 4ez7 A site1 15 33 35 37 52 55 56 64 66 69 71 76 78 80 144 145 146 148 
YGL115W 2v8q E site1 150 199 202 203 204 224 225 226 228 297 311 313 315 316 
YGR040W 3k3i A site1 51 53 71 74 75 84 104 106 141 148 167 168 169 
YDL114W 4bo9 B site1 106 110 111 114 156 159 160 163 164 
YIL046W 3mks D site1 628 629 630 632 634 649 655 656 657 664 666 667 
YNR001C 4jaf A site1 106 108 109 110 111 112 113 114 145 155 158 159 162 163 167 189 
YNL090W 4luc A site1 7 9 10 11 12 13 16 34 58 60 61 62 63 68 71 72 78 96 99 100 
YKL166C 4dfx E site1 1 2 3 4 11 14 18 19 100 152 155 156 303 306 
YDR147W 3zm9 A site1 117 124 146 194 206 207 208 209 213 306 308 310 329 330 349 354 420 423 435 440 
YKL139W 4ez7 A site1 15 33 35 37 52 55 56 64 66 69 71 76 78 80 144 145 146 148 
YEL020C 2vk1 A site1 222 312 313 309 287 311 92 310 221 225 285 288 220 286 326 
YOR347C 1a3w A site1 401 402 403 404 405 406 407 408 452 459 483 484 490 491 492 
YGR092W 4dfx E site1 1 2 3 4 11 14 18 19 100 152 155 156 303 306 
YBL075C 3d2f B site1 33 
YFR053C 4dch A site1 61 62 63 64 65 66 67 98 99 210 214 455 458 459 
YJL106W 4ez7 A site1 15 33 35 37 52 55 56 64 66 69 71 76 78 80 144 145 146 148 
YOR231W 3sls A site1 78 79 97 99 115 127 141 143 207 208 209 210 211 212 
YJL167W 3n45 F site1 57 59 60 63 205 206 239 242 246 344 347 348 
YNL006W 3mks D site1 628 629 630 632 634 649 655 656 657 664 666 667 
YKL073W 3d2f A site1 10 11 12 13 69 205 206 207 208 234 272 275 276 279 342 343 344 346 347 
YGL210W 4luc A site1 7 9 10 11 12 13 16 34 58 60 61 62 63 68 71 72 78 96 99 100 
YDR092W 4mdk A site1 28 45 48 51 52 53 58 131 132 148 151 161 
YDL101C 3jvr A site1 93 94 96 97 98 133 173 200 204 205 206 
YNL317W 3mks D site1 628 629 630 632 634 649 655 656 657 664 666 667 
YOR136W 3blw B site1 223 
YBR109C 1iq5 A site1 94 95 92 96 101 59 64 98 104 58 97 60 134 22 130 137 62 128 135 27 20 136 63 25 93 23 140 55 31 129 19 61 133 100 24 57 26 28 67 99 132 21 56 131 
YDL055C 4ho4 A site1 43 112 113 116 117 248 249 253 254 257 
YGL202W 3ath A site1 237 270 279 242 241 269 265 110 129 111 264 239 240 263 115 266 267 268 251 238 322 
YNL037C 3blw A site1 275 277 279 286 287 328 
YDR177W 4mdk A site1 28 45 48 51 52 53 58 131 132 148 151 161 
YDL229W 3d2f B site1 33 
