YDR362C  2j04 B BA 171 172 175 176 420 444 447 449 452 454 455 456 457 458 459 460 461 462 463 464 465 477 478 479 481 487 488 490 492 493 494 495 496 497 498 499 500 501 502 503 504 505 508 509 510 511 540 541 542 543 544 
YDR002W  3m1i B BA 71 72 73 74 76 77 78 79 92 94 95 96 98 101 102 103 104 105 106 107 108 116 121 123 125 127 128 129 130 131 132 133 134 137 138 139 145 147 148 149 150 151 152 153 154 155 157 158 159 161 162 164 166 169 171 172 173 175 177 
YER136W  2bcg G GY 6 7 10 42 43 44 78 81 89 96 99 100 103 105 106 107 109 110 111 112 226 227 233 236 237 241 244 245 247 248 251 252 253 254 255 256 257 258 259 282 444 445 
YDR002W  3m1i B BC 88 90 110 112 130 150 151 152 153 
YNL301C  3u5e Q QF 2 3 4 5 6 
YNL232W  4ifd I IE 47 
YDR489W  2e9x D DB 23 24 27 28 31 34 35 38 39 57 58 61 71 73 74 76 77 78 80 81 82 84 85 87 88 91 166 168 169 170 171 172 184 185 186 187 188 196 197 201 202 203 204 205 206 207 223 
YMR314W  4g4s F FM 61 65 66 67 68 82 86 89 90 93 96 97 
YOL094C  1sxj B BD 301 302 303 
YJR065C  1k8k A AD 6 21 22 23 24 25 28 29 52 53 54 55 57 58 59 60 65 86 87 90 91 94 95 98 99 100 101 102 103 104 105 106 107 108 125 128 129 131 132 133 134 135 397 401 
YJR065C  1k8k A AE 203 206 207 209 210 211 212 237 238 239 240 242 243 246 270 272 273 277 284 286 287 290 293 295 
YJR065C  1k8k A AF 52 53 54 55 57 58 121 124 125 128 132 400 405 409 
YOR115C  2j3t B BC 104 105 106 107 108 109 110 111 112 115 119 
YDR156W  4c2m D DA 14 15 16 17 20 80 81 
YDR156W  4c2m D DB 12 15 20 21 23 
YGL044C  4eba G GB 112 113 116 119 122 123 166 167 
YDR156W  4c2m D DF 23 24 25 26 27 
YIL062C  1k8k G GF 17 23 24 26 111 114 115 117 118 119 122 123 126 127 129 130 133 138 141 142 144 145 146 147 148 150 
YGR109C  2jgz B BA 168 169 170 171 173 174 175 177 178 181 185 219 221 253 254 257 258 259 260 261 263 264 265 266 279 283 286 287 290 291 294 295 296 297 298 304 307 311 
YPL259C  4hmy M MB 14 15 16 17 18 19 20 21 22 23 24 26 27 43 44 45 46 47 48 49 56 58 59 60 61 73 74 75 76 77 78 79 81 82 83 85 86 104 107 108 109 111 112 115 116 118 119 120 122 123 124 125 126 127 134 149 150 153 154 155 156 157 158 159 180 182 184 185 190 191 193 195 235 236 237 238 239 240 242 243 244 245 247 248 249 268 270 374 375 377 417 419 
YMR033W  4i6m B BA 72 117 118 120 121 122 125 178 179 180 181 182 183 184 185 311 312 315 316 318 319 321 323 356 357 358 359 360 361 362 363 364 365 398 399 400 401 402 403 457 460 463 466 
YKL148C  1nek A AB 39 40 42 43 44 45 47 48 50 56 57 59 93 97 100 101 102 103 104 105 106 107 108 109 110 111 118 119 120 121 137 138 140 143 144 147 150 151 152 154 155 157 163 186 207 212 213 214 215 216 217 248 249 250 251 252 306 307 333 336 337 339 455 457 460 461 500 501 503 504 505 506 508 509 512 515 
YPR086W  4bbr M MA 22 26 35 36 37 40 42 44 46 47 48 49 50 51 54 55 57 59 62 63 66 67 70 71 72 73 74 75 76 78 79 80 81 82 83 84 85 86 89 90 91 92 93 94 95 96 97 98 99 100 101 102 103 105 106 107 109 110 112 113 114 116 117 119 155 
YLR417W  1w7p D DC 540 541 542 543 545 546 547 548 549 550 555 557 558 559 560 561 562 563 564 
YOR207C  2waq B BL 733 735 745 877 893 895 898 899 977 978 
YOR063W  3u5e B BW 55 57 71 73 298 357 358 360 362 363 364 366 367 368 369 370 371 375 379 380 381 382 
YHR041C  2hzm A AB 46 47 48 49 57 68 71 73 74 75 76 77 78 79 80 81 86 87 88 90 91 92 93 94 95 96 97 98 100 101 102 104 107 108 110 111 112 114 115 116 189 190 192 195 198 199 
YLR370C  1k8k E EA 2 4 47 48 50 51 54 55 56 57 147 158 159 160 162 163 165 166 
YOR217W  1sxj A AB 295 296 297 298 300 355 359 360 364 376 378 379 380 381 382 424 425 427 428 430 432 433 454 456 511 513 515 516 519 520 522 523 525 526 527 528 529 539 542 543 546 547 550 551 564 566 569 573 574 575 576 577 578 579 582 583 584 585 586 587 605 616 619 620 623 626 627 630 632 635 637 638 639 640 641 642 643 646 647 650 651 654 655 
YGL123W  3u5c C Ch 80 83 85 87 96 98 119 120 121 122 125 
YGR095C  4ifd D DF 53 58 59 60 61 64 
YGR095C  4ifd D DG 10 11 12 13 14 31 32 33 34 35 43 79 81 82 83 84 85 86 117 121 122 123 124 125 126 127 128 129 130 167 168 169 170 171 210 213 214 217 218 219 220 221 222 223 
YGR095C  4ifd D DI 35 38 41 43 44 81 84 85 
YJL030W  4aez B BA 36 37 38 40 41 57 59 60 63 66 67 74 81 90 139 140 148 150 151 152 153 154 155 156 157 158 159 160 161 163 165 166 167 168 169 170 171 172 173 
YGL123W  3u5c C CD 98 119 120 122 126 
YKL013C  1k8k F FC 17 18 21 22 23 24 25 26 27 28 29 30 31 32 34 43 45 46 48 66 67 121 123 124 125 126 127 128 129 
YPR187W  1i3q F FE 74 138 139 140 142 
YML085C  4drx A AB 11 71 72 96 97 98 100 101 102 105 175 176 178 179 180 181 182 184 210 214 220 221 224 394 397 398 401 402 403 404 406 407 411 
YDR075W  4i5l C CA 11 49 51 52 53 67 69 70 71 72 73 74 76 77 78 79 106 107 108 109 110 272 277 279 280 283 285 287 288 289 290 291 
YOR151C  2pmz B BL 730 732 742 874 890 892 896 974 975 977 
YNL248C  4c2m M MN 8 9 10 11 12 15 16 17 18 19 20 21 22 23 24 25 26 27 28 29 30 31 32 34 35 36 37 38 39 40 41 42 43 44 48 50 51 52 53 54 63 71 72 73 74 75 76 77 78 79 80 81 82 83 84 88 89 90 91 92 93 95 96 
YDR404C  2b8k G GA 10 18 19 20 21 22 23 33 56 57 58 59 60 61 62 63 64 65 68 69 70 
YDR397C  1jfi B BC 155 159 164 213 215 218 219 221 222 223 225 226 228 229 230 
YOR310C  3nmu A AF 42 43 44 69 70 71 88 89 94 97 98 100 106 108 109 112 113 115 116 117 119 120 121 123 124 125 126 127 128 254 255 256 258 279 347 348 350 
YDL130W-A  3zia T TQ 1 2 3 4 5 9 13 15 16 17 20 
YBR031W  3u5e C CQ 28 29 30 31 32 33 120 278 279 280 281 282 283 284 286 287 289 290 292 294 295 296 297 298 299 300 301 302 
YOL094C  1sxj B BC 7 8 9 10 12 13 16 51 56 77 79 80 81 82 83 84 114 115 117 118 120 145 201 203 204 207 208 210 211 214 215 227 228 229 230 243 244 245 246 249 250 253 257 258 259 260 261 262 264 265 298 300 301 303 305 306 307 308 310 311 314 315 317 318 321 
YJL024C  4hmy S SA 1 12 13 14 15 16 17 18 19 20 21 22 23 24 25 28 29 42 45 46 47 48 49 50 51 56 73 74 75 76 77 78 79 81 82 83 85 86 101 102 104 105 106 107 108 109 111 112 115 116 119 120 121 122 123 124 125 126 127 128 129 130 134 135 137 
YPL259C  4hmy M MS 10 12 14 15 27 31 35 38 100 104 
YIL018W  3u5e A AN 4 8 
YBR031W  3u5e C CF 311 314 315 316 317 318 319 323 324 325 326 327 328 329 330 333 334 339 342 344 345 347 349 350 351 352 354 355 358 359 
YIL018W  3u5e A AG 34 35 38 39 40 41 42 64 65 66 67 68 69 
YNL147W  4m75 F FE 42 44 46 48 53 54 55 56 58 60 61 62 66 68 87 89 90 91 92 93 94 95 97 98 
YOL021C  4ifd J JA 746 747 748 749 820 822 825 866 867 869 872 874 
YPR110C  4c2m C CN 45 46 51 53 228 252 253 269 271 272 273 274 299 301 
YNL248C  4c2m M MI 27 28 29 30 31 33 59 60 62 100 102 104 105 
YGR195W  4ifd B BE 31 32 34 35 41 46 48 50 52 54 77 79 80 81 82 83 84 86 90 92 93 125 127 129 130 
YBL045C  1ezv A AG 162 165 166 169 244 245 246 247 248 249 250 251 252 253 254 336 337 340 427 429 437 439 440 442 443 444 445 448 
YOL142W  4ifd G GA 63 75 77 87 90 91 116 117 118 150 151 152 153 154 155 157 201 202 204 205 208 209 233 234 
YPL218W  1m2o D DC 25 32 33 37 40 41 44 45 47 48 49 50 51 52 53 54 55 56 57 58 59 60 61 70 72 77 79 80 82 83 85 86 87 89 90 105 121 135 174 176 
YAL055W  2y9m B BA 82 84 85 86 109 110 111 113 114 115 116 117 118 119 120 122 123 126 127 129 130 131 133 161 
YGR095C  4ifd D DC 60 61 62 64 65 67 68 69 72 76 102 103 104 140 155 156 157 158 159 160 166 174 175 176 177 178 179 180 181 182 183 184 185 186 187 188 191 192 195 
YIL034C  3aa0 B BA 4 5 8 9 11 12 13 14 15 16 17 18 19 20 23 24 27 28 30 31 32 33 35 99 103 104 106 107 110 111 112 113 136 144 145 146 147 148 175 177 179 181 182 183 184 185 186 187 188 189 190 191 192 193 194 195 205 206 208 210 211 214 215 218 219 221 222 225 227 228 229 231 232 233 235 236 237 239 240 241 242 243 244 
YMR314W  4g4s F FN 97 98 99 100 101 102 104 106 110 114 138 139 140 
YBR253W  3r84 B BA 3 6 7 10 14 17 18 21 24 25 27 28 29 30 31 32 51 54 55 58 59 62 65 66 69 70 72 73 75 76 77 79 80 82 83 84 85 86 87 88 
YDR097C  2o8e A AB 182 183 527 528 529 530 533 534 541 542 543 544 545 546 549 668 669 670 671 672 723 724 725 726 729 730 732 733 736 737 749 752 753 754 755 756 757 758 760 761 762 764 765 766 768 769 773 783 784 785 786 793 809 825 827 828 830 831 832 833 834 835 836 837 839 840 843 844 847 848 850 851 852 
YPR010C  4c2m B BO 866 1047 1049 1050 1051 1052 1053 1054 1055 1056 1057 1059 1060 1061 1065 1070 
YNL178W  3u5c D DC 116 120 123 124 153 154 
YOL005C  1i3q K KA 1 2 3 4 8 9 24 26 27 32 47 51 57 58 59 60 61 62 63 64 65 66 67 68 72 74 76 
YDL188C  4i5l C CA 11 49 51 52 53 67 69 70 71 72 73 74 76 77 78 79 106 107 108 109 110 272 277 279 280 283 285 287 288 289 290 291 293 
YEL024W  1ezv E EA 31 32 33 34 35 36 37 38 39 40 43 46 50 53 57 
YNL232W  4ifd I IH 134 135 206 208 209 215 235 236 238 239 244 
YBL080C  3al0 B BA 24 40 41 43 44 45 46 47 48 49 50 51 52 76 79 81 83 84 85 87 88 89 90 91 97 146 148 273 275 276 277 278 280 281 282 283 
YPR034W  4i6m A AD 4 5 6 97 100 101 102 103 134 135 448 449 450 454 456 458 
YNL178W  3u5c D Dh 54 56 90 93 94 101 104 108 113 115 116 117 120 121 124 125 128 129 138 140 141 142 143 144 145 146 148 150 
YKL013C  1k8k F FG 3 4 6 7 8 10 11 14 15 17 18 19 21 29 42 44 45 47 48 49 50 51 52 53 54 55 56 57 63 65 
YJR068W  1sxj D DE 29 32 67 72 94 96 97 98 99 100 101 140 141 143 144 146 171 172 175 227 229 230 233 234 237 240 244 258 259 260 261 279 280 281 284 288 289 291 292 293 294 295 296 297 298 331 332 333 334 335 336 337 338 339 340 341 342 344 345 348 349 352 
YDR013W  2q9q C CA 141 142 143 
YDL090C  1jcq B BA 40 42 43 44 45 85 86 87 88 89 90 91 93 94 95 97 98 99 100 103 104 107 122 125 126 128 129 132 142 144 145 146 147 149 152 194 195 196 197 198 199 200 202 234 235 236 241 242 243 244 245 246 248 251 269 271 272 274 275 276 278 279 280 281 282 283 286 289 291 292 293 294 315 329 330 331 334 
YGR090W  4m5d A AB 793 794 795 796 797 798 801 802 804 805 808 811 824 825 826 827 829 833 834 835 836 838 862 863 865 866 869 870 874 877 878 881 1104 1105 1106 1136 1137 1138 1139 1140 1141 1143 1144 1145 1147 1148 1149 1151 1152 1153 1155 1156 1157 1158 1159 1196 1197 1198 1199 1201 1202 1203 1204 1205 1206 1207 1208 1209 1210 1211 1212 1215 1217 1218 1220 1221 1222 1224 1225 1226 1227 1228 1230 1231 1232 1233 1234 1236 
YJL024C  4hmy S SB 10 44 45 61 62 92 97 98 
YPL131W  3u5e D DJ 2 3 22 23 24 25 26 27 54 55 150 152 
YPR187W  1i3q F FB 72 88 137 140 141 
YPR010C  4c2m B BJ 15 16 18 19 21 22 25 26 28 178 181 182 183 184 185 186 187 188 728 730 731 732 733 734 735 743 745 746 747 748 749 751 763 764 766 769 770 772 790 793 796 797 798 799 933 941 942 943 944 946 970 972 973 974 975 976 1005 1011 1028 1029 1030 
YPL239W  4bsz B BA 21 46 48 49 56 59 60 90 92 94 99 102 103 105 121 123 126 127 128 129 131 132 133 135 136 137 138 140 141 143 144 147 148 150 151 152 153 154 155 
YJR048W  1kyo W WO 17 18 21 22 32 33 84 86 88 89 91 92 
YOR339C  4mdk A AE 23 26 48 49 50 51 111 112 119 121 122 125 126 128 129 130 132 133 134 135 137 
YPL259C  4hmy M MA 28 29 31 32 35 36 52 53 54 
YNL301C  3u5e Q QC 21 22 23 24 25 26 28 29 31 32 35 36 38 39 40 103 104 105 106 111 123 124 125 126 128 129 130 132 133 
YJR063W  4c2m I IN 2 3 4 
YGR108W  2jgz B BA 168 169 170 171 173 174 175 177 178 181 185 219 221 253 254 257 258 259 260 261 263 264 265 266 279 283 286 287 290 291 294 295 296 297 298 304 307 311 
YJL124C  4m75 A AC 161 162 163 164 165 167 
YDR092W  4mdk A AE 23 26 48 49 50 51 111 112 119 121 122 125 126 128 129 130 132 133 134 135 137 152 
YBR167C  3iab B BA 41 69 70 72 73 76 77 79 80 81 83 84 85 90 91 92 93 94 95 96 130 132 133 134 136 
YJL124C  4m75 A AF 168 
YGR195W  4ifd B BA 95 96 98 99 102 103 105 106 107 109 110 111 113 155 156 190 193 194 195 196 197 198 199 200 201 202 203 204 205 206 207 208 210 211 214 218 
YNL301C  3u5e Q QL 152 155 164 165 166 167 172 173 
YJL026W  1jk0 A AB 84 86 87 88 89 90 97 100 101 104 107 109 111 142 143 145 149 153 157 166 167 170 171 173 174 177 178 180 181 184 185 187 188 197 198 201 202 205 
YOR341W  4c2m A AF 3 4 509 510 511 512 513 514 515 518 572 573 574 576 582 584 597 604 640 641 642 644 645 646 648 649 650 655 1033 1034 1035 1036 1039 1043 1056 1059 1079 1080 1081 1084 1085 1088 1089 1128 1130 1131 1175 1176 1180 1181 1182 1183 1184 1646 1650 1651 1652 1653 1654 1655 1656 1657 1658 1659 
YOR341W  4c2m A AB 1 2 5 6 7 8 9 10 11 12 13 14 15 16 17 18 19 23 24 25 26 27 28 29 30 53 63 64 65 66 67 73 74 75 76 87 89 90 205 348 357 360 361 363 364 366 367 369 375 382 437 438 456 457 459 460 466 467 468 469 470 471 472 473 474 475 476 477 478 479 480 481 482 483 485 486 487 488 489 500 501 504 505 506 588 590 592 593 594 595 597 600 611 612 613 615 618 621 626 627 628 629 630 632 634 636 637 638 639 640 642 643 646 647 650 651 656 670 671 672 673 675 679 691 818 820 821 822 823 824 825 826 827 828 829 830 831 833 834 843 844 847 877 880 884 917 918 924 925 928 929 933 934 935 939 940 942 943 952 953 958 959 960 961 962 964 965 966 967 968 969 970 971 973 977 983 984 985 986 987 988 989 990 991 992 993 995 996 998 999 1000 1002 1003 1004 1006 1007 1008 1009 1010 1011 1012 1014 1021 1024 1025 1028 1183 1184 1187 1188 1191 1274 1288 1332 1335 1336 1339 1342 1343 1344 1345 1346 1347 1348 1362 1363 1364 1365 1366 1367 1368 1369 1370 1371 1372 1374 1377 1378 1380 1381 1382 1383 1384 1385 1390 1481 1482 1483 1484 1486 1487 1610 1614 1618 1619 1622 1623 1626 1631 1637 1641 1642 1643 1644 1645 1646 1647 1649 1650 1651 1652 
YOR187W  2wrn Z ZL 261 
YKL019W  3dra A AB 14 15 16 17 18 20 21 22 23 24 25 26 27 28 29 32 36 39 40 43 44 46 48 62 63 64 65 66 67 68 69 70 71 72 74 75 101 104 107 108 110 140 141 142 144 145 147 148 151 152 155 176 178 180 181 184 187 188 191 192 218 219 220 221 224 228 231 232 255 256 258 259 262 266 287 288 289 290 291 292 294 295 298 299 
YNL290W  1sxj C CD 12 13 14 15 16 17 18 20 55 60 64 81 83 84 85 86 87 88 89 117 118 120 121 123 148 149 185 204 206 207 210 211 213 214 217 218 219 221 234 235 236 237 255 256 257 260 268 269 270 271 273 275 276 302 305 306 309 310 311 312 313 314 315 316 317 318 319 321 322 325 326 328 329 332 
YNL147W  4m75 F FA 45 
YLR376C  3vu9 A AB 49 51 52 75 76 77 78 80 81 82 83 85 93 94 95 98 99 122 139 140 141 142 180 181 183 184 187 188 189 190 191 192 
YOR341W  4c2m A AH 682 683 684 686 689 716 717 718 719 720 721 722 723 724 725 726 727 729 730 758 759 760 761 762 763 764 765 766 768 770 772 775 776 777 778 914 919 920 921 922 
YJL140W  1y1v D DA 14 15 16 
YMR314W  4g4s F FE 1 3 4 7 8 21 24 25 27 28 30 31 51 52 53 54 55 56 57 58 60 61 77 78 79 82 83 86 90 115 119 124 125 126 127 128 129 
YKL144C  2ckz B BA 1 2 3 4 5 6 7 8 9 28 31 32 33 34 35 36 37 39 40 41 42 44 46 47 48 49 52 71 73 75 78 80 86 88 101 102 103 104 145 153 
YNR035C  1k8k D DA 1 2 4 5 6 7 8 9 10 13 32 33 34 35 36 37 38 39 40 41 42 60 62 117 147 168 170 171 174 245 248 249 252 253 254 256 257 259 260 261 263 264 265 266 267 
YPL106C  3d2f A AB 21 22 23 24 25 30 31 32 34 52 55 56 59 185 186 187 262 266 276 277 279 280 281 282 285 289 290 293 294 296 346 351 364 365 366 367 368 369 370 374 565 568 569 571 572 575 576 579 580 582 584 587 588 609 613 617 642 643 646 650 653 
YOL062C  2xa7 M MA 27 31 35 50 51 52 70 
YKL013C  1k8k F FB 29 30 31 32 33 35 36 39 40 41 98 99 100 102 104 105 106 107 117 119 122 
YPR187W  1i3q F FA 78 80 81 82 83 84 85 86 87 88 89 90 91 92 93 94 95 96 98 99 101 102 103 104 105 107 111 114 115 116 117 118 120 122 131 132 133 134 135 136 137 138 139 140 145 154 155 
YLR293C  3m1i A AB 11 13 31 32 33 34 35 36 37 38 40 52 53 54 55 56 57 58 59 60 61 156 159 160 161 171 173 175 178 179 180 181 182 183 184 185 186 187 188 199 200 202 203 205 206 207 208 209 210 211 212 213 214 215 217 
YBR193C  4h63 H HF 13 16 20 23 27 40 41 42 43 44 46 47 50 53 57 60 61 64 65 68 71 72 74 75 76 77 78 79 80 82 84 85 88 91 92 93 94 95 96 97 98 99 100 102 103 106 
YGR158C  4ifd F FH 86 87 89 
YGR158C  4ifd F FI 55 56 57 78 79 80 81 82 83 84 85 86 87 126 128 129 130 131 132 133 181 182 183 184 185 186 187 188 189 190 205 208 209 238 242 245 246 
YOR116C  2pmz A AD 519 523 647 649 
YDL181W  3zia T TQ 1 2 3 4 5 9 13 15 16 17 20 
YBR234C  1k8k C CB 74 96 97 
YPR010C  4c2m B BC 26 27 743 745 791 792 794 795 796 797 800 802 804 849 881 883 906 908 933 934 935 938 939 940 942 944 998 1001 1004 1005 1006 1007 1008 1012 1014 1016 1017 1018 1019 1020 1021 1025 
YBR234C  1k8k C CF 8 9 10 28 52 54 72 73 74 96 97 98 100 116 118 142 143 144 146 162 163 164 204 206 222 245 246 248 263 265 319 320 321 326 327 328 350 351 
YBR234C  1k8k C CG 117 118 138 142 143 162 163 164 165 197 200 201 203 204 222 223 224 225 241 242 243 244 245 246 264 
YOR207C  2waq B BD 687 688 697 699 700 746 749 750 751 754 756 758 804 849 851 870 872 896 897 898 899 902 904 905 906 908 961 964 965 966 967 968 972 974 976 977 978 979 980 981 983 984 985 
YPR102C  3u5e J JD 98 99 142 143 144 145 150 153 
YPL213W  1a9n A AB 48 51 67 68 70 72 73 91 92 94 96 117 121 122 144 146 147 148 149 
YDR280W  4ifd A AC 72 73 121 127 128 129 130 172 173 174 
YMR260C  4kzy n nl 40 
YKL013C  1k8k F FD 81 82 85 86 88 89 90 92 93 94 97 100 101 102 103 124 125 126 127 130 131 134 137 138 141 142 144 145 148 149 152 153 154 156 157 158 159 160 161 162 163 164 165 
YHR069C  4ifd H HF 160 164 165 
YOL094C  1sxj B BA 28 29 32 35 36 38 39 41 43 44 48 49 50 86 90 91 94 105 106 108 122 125 126 128 129 130 132 133 135 136 139 145 146 147 148 149 152 153 155 156 157 158 159 160 161 162 163 164 165 167 168 199 268 271 275 276 281 282 283 285 286 287 289 290 293 294 296 297 300 301 
YOR134W  1grn B BA 301 302 305 306 307 308 309 310 311 314 332 333 339 342 346 409 410 413 414 417 418 421 422 425 426 427 429 430 432 433 436 437 440 
YPR176C  3pz1 B BA 36 37 38 40 41 43 44 90 91 92 94 97 136 137 138 139 140 142 144 176 177 178 183 184 185 186 187 188 189 190 193 211 213 214 217 218 220 221 222 223 224 225 230 232 233 234 235 254 256 257 258 259 262 
YOR341W  4c2m A AE 128 130 131 134 138 201 202 203 206 207 208 209 211 212 214 215 1035 1037 1039 1042 1043 1044 1045 1046 1047 1048 1049 1051 1052 1053 1060 1101 1105 1113 1114 1115 1116 1117 1118 1120 1121 1122 1124 1125 1126 1127 1128 1137 1138 1139 1241 1516 1527 1530 1531 1533 1537 1538 1539 1540 1541 1542 1543 1549 1550 1551 1552 1553 1554 1555 1556 1557 1559 1560 1561 1564 1578 1579 1580 1583 1587 1590 1591 1592 1593 1594 
YCL031C  4m5d B BA 3 6 8 9 10 11 13 15 20 21 22 23 24 25 26 27 33 34 35 36 38 54 56 57 58 60 61 92 93 94 95 96 97 98 100 101 102 103 104 105 120 121 122 123 160 161 162 163 164 165 168 169 171 172 173 174 175 177 180 181 183 184 185 187 188 
YCR092C  2o8e A AB 541 542 543 544 545 546 549 668 669 670 671 672 723 724 725 726 729 730 732 733 736 737 749 752 753 754 755 756 757 758 760 761 762 764 765 766 768 769 774 783 784 785 786 809 825 827 828 830 831 832 833 834 835 836 837 839 840 843 844 847 848 850 851 852 853 
YOR151C  2pmz B BD 684 685 694 696 697 743 746 747 748 751 753 801 846 848 867 869 893 894 895 896 899 900 901 902 903 905 958 961 962 963 964 969 971 973 974 975 976 977 978 979 980 982 
YJR063W  4c2m I IA 6 7 19 21 22 44 45 46 47 48 49 50 51 52 53 55 56 57 58 59 60 61 63 64 65 66 67 68 69 70 71 73 75 77 78 79 80 81 82 83 84 85 92 93 96 97 98 99 100 101 102 103 104 105 107 108 110 111 112 119 120 121 122 123 124 125 
YJR063W  4c2m I IB 2 4 5 6 7 8 9 14 15 16 17 18 19 31 32 34 47 48 49 52 53 54 98 100 102 103 104 105 106 107 108 124 125 
YNL290W  1sxj C CA 120 121 122 123 124 125 151 152 153 154 155 158 
YGR195W  4ifd B BJ 1 2 3 4 5 7 8 9 10 11 12 13 14 15 16 17 18 19 21 22 23 24 26 43 45 46 48 84 85 130 132 167 168 169 170 175 177 204 206 208 
YGR195W  4ifd B BH 28 30 31 32 33 36 37 41 43 50 55 56 57 58 62 65 113 116 117 118 119 120 129 148 149 150 151 152 153 154 155 156 157 225 229 232 233 235 236 237 239 240 
YPR191W  1ezv B BA 22 25 26 27 28 53 57 64 65 68 69 72 73 74 75 76 77 79 92 93 94 121 122 125 126 129 130 191 262 263 264 265 266 268 269 291 292 316 319 320 322 323 324 326 327 329 332 337 
YHL004W  2avy B BE 177 178 
YOL021C  4ifd J JB 11 13 15 17 19 21 26 33 34 35 36 37 38 39 40 42 44 45 46 48 60 61 62 63 64 68 118 119 122 123 126 129 133 147 149 152 580 866 869 872 875 876 
YOR116C  2pmz A AL 329 331 332 436 438 439 444 519 522 523 525 526 527 528 529 530 531 532 533 534 633 
YNL232W  4ifd I IF 10 11 12 13 14 38 39 40 41 42 44 45 46 47 57 59 60 61 112 126 127 128 129 130 132 134 192 193 197 198 199 200 201 202 237 238 239 240 241 242 243 
YML097C  2efc A AB 123 124 125 167 171 174 175 178 183 184 185 186 187 188 189 192 221 222 224 225 226 228 229 231 232 235 236 243 244 246 
YNR035C  1k8k D DF 2 3 171 173 176 177 179 180 181 184 185 187 188 191 192 195 196 198 225 239 243 244 246 247 250 251 254 257 258 259 261 262 263 265 266 267 269 270 273 274 276 277 278 279 280 281 282 
YJR121W  1fx0 B BA 37 38 40 42 43 44 66 67 68 69 70 71 72 73 133 135 136 137 139 140 142 143 144 146 163 167 290 291 292 293 294 295 300 301 302 303 304 307 308 310 311 312 314 315 334 335 337 340 341 343 344 345 346 347 348 349 368 369 371 372 373 375 376 378 385 389 392 393 396 397 399 400 401 404 405 408 412 413 414 417 
YOL142W  4ifd G GD 1 2 4 6 7 8 9 10 26 35 36 37 38 39 40 41 43 58 59 60 61 62 63 65 89 91 92 93 94 128 129 161 165 169 216 218 
YDL082W  3u5e L LQ 6 7 8 9 10 11 
YDL082W  3u5e L Lh 47 48 49 50 52 53 86 88 89 91 92 93 94 119 121 122 123 124 125 126 127 128 130 132 135 136 138 140 141 144 145 
YLR210W  2jgz B BA 169 170 171 173 174 175 177 178 181 185 219 221 253 254 257 258 259 260 261 263 264 265 266 279 283 286 287 290 291 294 295 296 297 298 304 307 311 
YJR065C  1k8k A AB 117 120 121 123 124 181 182 184 185 186 187 188 189 306 308 310 406 409 410 
YBR251W  1vs5 E EB 64 68 69 
YDR013W  2q9q C CB 24 29 33 36 37 40 66 69 70 73 76 77 80 81 84 85 88 92 107 109 110 113 116 117 120 121 123 124 127 129 130 133 134 136 138 139 140 141 142 143 
YPR119W  4bcq D DC 177 178 179 181 182 185 186 189 228 230 263 266 267 268 269 270 271 272 274 275 276 288 289 292 293 295 296 299 300 303 304 305 306 307 308 309 313 316 317 320 
YHR075C  3c5w P PC 84 85 87 155 156 157 181 182 183 186 187 189 190 193 194 197 198 201 220 222 291 298 301 302 315 316 321 323 324 325 326 327 328 331 332 334 335 336 337 338 339 340 341 342 343 345 347 348 349 369 370 
YHR069C  4ifd H HB 14 15 17 52 54 56 57 58 59 72 73 74 83 84 85 87 99 100 101 102 103 118 125 130 131 132 133 179 311 
YGR158C  4ifd F FA 6 13 14 
YOR310C  3nmu A AG 280 283 284 286 287 288 342 345 346 349 350 
YDR404C  2b8k G GF 14 15 16 18 19 20 58 61 62 63 64 65 66 
YDR404C  2b8k G GD 1 2 3 4 5 6 7 8 9 24 28 31 34 35 36 37 38 39 41 42 44 45 46 47 48 49 50 51 52 55 71 73 74 75 77 80 82 83 84 85 86 87 88 89 90 102 103 104 105 107 142 144 146 155 165 166 167 168 171 
YLR417W  1w7p D DA 399 404 437 438 439 441 442 445 446 450 453 454 455 456 457 458 459 460 461 479 482 483 485 511 529 533 534 537 549 550 551 553 554 
YDR404C  2b8k G GB 39 40 41 63 64 
YOR207C  2waq B BA 334 336 337 338 339 340 343 443 444 446 447 448 449 450 451 452 453 456 457 458 459 461 462 463 464 465 467 468 471 561 563 564 566 621 622 624 625 626 627 628 629 631 635 638 640 644 647 650 651 661 662 663 664 665 666 667 669 670 671 729 730 731 732 733 734 735 737 738 739 740 745 768 836 844 876 877 878 880 888 889 890 892 893 914 915 916 917 918 919 920 921 922 924 927 928 931 947 948 950 953 954 957 968 970 975 977 978 980 981 982 983 984 985 986 987 1000 1001 1003 1004 1005 1006 1007 1008 1009 1010 1012 1013 1014 1015 1016 1017 1018 1019 1020 1021 1027 1028 1029 1030 1031 1032 1033 1034 1035 1036 1037 1038 1039 1040 1041 1042 1044 1045 1046 1047 1050 1051 1052 1053 1055 1056 1057 1059 1061 1063 1069 1071 1072 1083 1084 1085 1092 1093 1094 1096 1097 1098 1099 1100 1101 1102 1103 1104 1105 1106 1107 1108 1109 1110 1111 1112 1113 1114 1115 1116 1117 1118 1119 1120 
YBL075C  3d2f B BA 22 23 24 25 27 30 31 32 33 34 36 48 50 53 54 57 58 61 133 134 135 136 247 258 261 262 265 269 273 276 277 278 279 280 281 283 285 286 290 294 296 298 299 300 301 303 304 311 327 328 329 342 345 348 352 355 357 364 365 367 
YPR180W  3kyc A AB 11 13 14 16 17 18 19 20 21 22 23 24 25 26 27 28 50 53 54 57 76 77 78 79 80 82 83 84 98 101 102 104 161 176 177 209 235 259 294 297 299 300 301 302 304 305 308 309 311 312 315 316 321 322 323 325 329 331 333 334 
YOL062C  2xa7 M MS 13 33 38 40 
YOR217W  1sxj A AE 464 589 590 593 594 596 597 598 609 610 611 612 614 615 616 618 619 621 622 623 625 626 628 629 632 668 669 672 675 676 679 680 683 684 687 688 690 691 692 693 
YOL142W  4ifd G GI 26 28 29 30 32 81 82 83 96 125 127 128 129 130 131 133 
YNL232W  4ifd I IG 146 147 148 149 220 221 222 225 226 259 260 261 263 264 265 280 282 
YJL148W  4c2m N NM 24 25 26 27 28 29 30 31 32 34 35 36 37 38 39 40 49 50 51 52 53 54 55 56 57 58 59 60 61 62 63 64 65 67 68 69 70 71 72 95 97 103 104 105 106 107 108 109 110 111 112 113 118 119 120 121 127 128 129 130 133 136 
YOL062C  2xa7 M MB 1 13 14 15 17 18 19 20 21 22 23 26 33 43 44 45 46 47 48 49 52 54 56 57 58 59 60 70 71 72 73 74 75 76 77 79 80 81 83 84 99 102 103 104 105 106 107 109 110 113 114 117 118 120 121 122 123 124 125 132 134 135 147 148 149 151 152 153 155 156 157 158 161 182 184 187 191 192 193 195 197 255 256 257 258 259 260 261 264 265 266 268 269 287 289 339 390 393 394 395 396 398 440 441 442 443 444 
YOL005C  1i3q K KB 1 2 3 6 9 39 40 44 47 61 65 66 67 
YJL148W  4c2m N NJ 167 169 175 176 
YJL148W  4c2m N NI 101 103 104 
YJR068W  1sxj D DB 174 175 
YGL076C  3u5e F FC 41 44 45 48 49 52 56 60 64 67 68 70 71 72 73 74 75 145 146 148 149 150 152 153 162 163 164 165 166 181 182 
YJR068W  1sxj D DA 148 
YJL148W  4c2m N NC 168 170 171 172 173 174 175 179 180 
YJL148W  4c2m N NB 57 59 88 90 92 94 95 96 97 98 100 101 103 104 106 107 138 140 141 142 143 144 145 146 147 148 149 150 152 153 154 155 156 157 158 159 160 161 162 163 165 166 167 168 169 170 173 
YPR010C  4c2m B BI 278 282 283 284 285 286 289 297 300 301 303 304 305 307 310 311 314 315 321 386 387 535 536 634 711 713 714 716 717 785 922 924 956 957 958 
YGL190C  3dw8 B BC 87 88 177 
YGL155W  3dra B BA 16 17 18 19 20 22 24 25 26 27 28 29 31 34 35 38 39 50 57 58 61 65 78 79 80 81 82 84 85 86 88 89 93 140 141 142 143 146 154 155 156 160 206 207 212 215 216 217 219 222 241 244 245 246 248 249 251 252 253 255 257 258 259 274 275 276 277 282 283 288 289 290 291 312 314 315 316 317 320 
YJR068W  1sxj D DC 42 44 48 51 52 55 56 57 59 60 66 107 111 133 148 151 152 154 155 156 158 159 161 162 165 172 173 174 175 178 179 182 183 184 185 186 187 188 190 193 222 225 301 302 305 306 309 310 312 316 317 319 320 323 324 326 327 330 331 334 335 
YBR087W  1sxj E EA 6 9 50 67 86 88 95 97 99 141 274 275 276 279 280 283 284 287 288 290 291 292 293 294 295 328 331 333 334 335 336 337 339 340 341 343 344 347 348 350 351 354 
YBR087W  1sxj E EC 148 334 
YBR087W  1sxj E ED 25 28 31 37 42 43 44 106 107 110 111 114 148 149 152 153 155 156 157 159 160 172 173 174 175 176 179 180 182 183 184 186 187 189 191 192 193 194 195 227 228 300 301 304 305 308 309 311 315 318 319 322 323 325 326 327 329 330 333 334 
YOL005C  1i3q K KH 54 55 56 57 76 78 79 
YJL166W  2ibz G GA 13 14 15 16 18 19 20 21 22 23 24 25 26 27 28 29 30 31 32 33 
YJL031C  3dss A AB 21 22 25 26 28 29 32 36 39 59 61 62 63 64 67 70 71 74 105 107 108 111 115 139 141 142 143 146 147 148 150 151 176 178 179 181 182 185 186 224 225 226 229 230 231 233 234 271 272 275 305 306 307 
YGR163W  3r7w B BA 36 226 229 230 233 234 237 238 240 241 242 244 245 268 269 270 271 272 273 274 275 276 277 279 281 295 297 304 307 
YDL132W  1u6g A AB 463 474 475 476 498 502 505 509 531 532 533 534 535 536 537 538 539 540 541 542 543 544 545 546 547 548 554 557 558 561 562 569 574 575 576 577 578 579 580 581 582 584 585 586 587 588 589 590 591 592 593 594 597 599 600 604 607 610 611 613 614 615 616 617 647 670 672 701 704 705 707 708 709 711 712 719 750 754 757 758 759 760 773 774 775 
YOR048C  3fqd A AB 218 219 220 221 222 225 318 321 371 372 
YDL030W  4dgw A AB 2 4 5 7 8 11 12 15 18 19 21 22 23 25 26 32 33 35 36 39 43 46 49 53 59 60 61 62 64 79 80 83 86 87 90 93 94 97 112 113 115 116 117 119 120 121 123 124 125 126 127 129 131 132 133 134 136 137 249 250 251 252 253 255 375 377 
YOR115C  2j3t B BA 14 17 18 21 23 36 40 43 44 47 48 51 76 77 122 126 
YDL134C  2ie4 C CA 8 11 49 51 52 53 67 69 70 71 72 73 74 76 77 78 79 106 107 108 109 110 277 279 280 281 285 286 287 289 290 
YOR014W  2npp E EF 102 103 104 106 107 108 109 112 113 114 202 203 204 206 246 248 281 282 283 284 285 286 287 288 289 290 327 328 329 330 331 372 373 
YPR181C  3efo A AB 172 174 180 181 182 183 184 185 186 187 188 189 190 192 203 246 251 252 
YMR112C  3r84 A AB 5 6 9 10 13 14 16 17 20 24 27 28 30 31 34 35 37 38 39 40 42 45 48 52 55 56 59 60 62 63 64 66 67 69 70 71 72 73 74 76 77 78 79 80 81 82 
YJL124C  4m75 A AB 34 36 38 39 40 41 42 45 46 48 49 52 55 57 59 65 73 74 75 85 87 89 90 106 107 109 110 112 113 114 115 116 119 120 123 146 164 
YOR142W  1euc A AB 26 30 31 34 82 83 105 106 107 108 109 110 111 113 114 116 117 118 120 121 147 149 150 161 162 164 165 167 168 171 189 190 191 217 218 219 220 221 245 246 247 248 249 250 251 252 254 255 256 257 258 259 260 261 262 263 266 267 268 287 288 289 290 291 
YDR472W  3cue B BA 63 64 67 70 71 74 220 221 222 223 224 226 261 262 
YKL135C  2jkr B BA 21 36 415 416 419 450 474 478 479 482 483 486 490 511 512 513 514 515 516 517 518 520 521 522 524 525 526 528 529 532 533 536 539 540 541 543 544 545 546 547 548 549 550 551 
YBR139W  1wpx A AB 53 56 105 106 107 108 110 111 146 147 178 188 216 220 229 230 231 234 235 237 238 239 241 242 245 246 249 250 255 256 262 266 267 268 296 299 300 301 303 304 305 307 308 309 312 340 341 
YLR170C  1w63 S SB 10 11 15 62 63 64 65 67 85 88 89 91 92 97 98 99 100 101 102 103 104 
YOR194C  1rm1 C CB 3 5 8 9 10 12 13 14 16 17 20 21 24 25 28 30 34 37 38 41 42 45 46 49 51 231 232 
YGL187C  2y69 F FT 65 67 
YJL140W  1y1v D DB 10 12 13 15 17 
YDR045C  3qt1 I IB 4 6 10 11 12 13 14 15 30 31 
YPR034W  4i6m A AB 2 4 6 21 23 24 26 27 28 29 30 51 52 53 55 56 95 96 97 101 222 225 226 229 230 234 288 289 290 291 293 295 296 297 298 433 
YOR185C  3m1i A AB 11 13 31 32 33 34 35 36 37 38 40 52 53 54 55 56 57 58 59 60 61 156 159 160 161 171 173 175 178 179 180 181 182 183 184 185 186 187 188 199 200 202 203 205 206 207 208 209 210 211 212 213 214 215 217 
YLR347C  2bku B BA 13 14 19 22 23 26 29 30 55 56 59 60 63 64 66 67 71 72 73 76 80 109 110 113 117 161 164 207 239 281 284 288 291 292 295 339 341 342 343 344 345 350 353 357 360 398 471 475 482 513 514 515 518 519 529 562 563 564 565 567 570 571 574 575 610 612 613 615 616 617 620 646 650 652 693 
YDR529C  2ibz F FA 69 
YLR293C  3m1i A AC 14 45 46 47 48 49 64 66 72 73 76 77 78 79 80 81 83 84 95 96 97 98 101 102 104 105 108 112 113 115 116 126 131 132 134 135 138 139 141 142 143 144 145 146 147 148 149 150 155 157 158 160 165 169 174 208 209 210 214 215 
YNR032W  2nyl C CA 11 49 51 52 53 67 69 70 71 72 73 74 76 77 78 79 106 107 108 109 110 272 277 278 279 280 281 285 287 289 290 293 
YOR065W  1ezv D DA 290 291 294 295 298 
YGR158C  4ifd F FE 90 92 107 108 109 111 112 114 115 116 118 119 122 123 127 163 203 204 205 207 208 209 210 211 212 213 214 215 216 217 220 221 223 224 227 231 
YPR010C  4c2m B BD 1100 1105 1123 1172 1174 1175 1202 1203 
YBL045C  1ezv A AI 422 423 426 427 428 454 455 456 
YIL021W  3how C CA 188 190 191 192 193 194 195 219 221 222 
YNL113W  4c2m K KH 84 85 86 108 110 
YBL045C  1ezv A AE 63 64 150 151 161 162 165 166 169 170 174 176 179 180 181 182 183 244 248 250 426 427 428 429 448 
YBL045C  1ezv A AD 247 443 444 445 449 
YML077W  3cue C CA 4 5 7 20 37 40 43 44 46 47 50 51 54 55 56 57 58 59 60 61 63 64 65 66 67 68 69 70 71 72 73 74 75 76 91 94 
YBL045C  1ezv A AF 254 
YNL113W  4c2m K KB 69 70 71 74 91 95 96 97 
YNL113W  4c2m K KA 50 52 53 54 55 57 59 60 62 70 74 77 78 81 82 86 87 88 89 90 91 92 93 94 95 96 97 98 102 103 104 106 107 108 
YBL045C  1ezv A AB 27 43 45 46 47 79 82 83 86 87 88 89 90 91 106 107 108 145 149 288 290 291 292 293 295 296 297 298 360 363 364 367 368 370 371 374 375 378 380 382 402 403 406 
YPR010C  4c2m B BM 282 284 286 287 290 294 295 321 322 324 325 328 332 335 342 343 344 345 346 347 368 372 562 563 566 567 570 571 572 574 575 577 
YHR069C  4ifd H HE 2 3 4 5 6 7 8 9 10 11 12 13 14 15 16 115 164 165 166 167 168 193 194 195 196 197 198 199 232 283 284 285 289 291 294 295 297 298 301 302 305 331 332 333 334 336 337 338 
YLR170C  1w63 S SM 26 27 30 33 34 37 38 40 43 51 52 53 54 
YER027C  2qlv B BC 212 214 216 225 227 231 232 233 234 235 236 237 238 239 242 244 
YKL007W  1izn A AB 16 17 19 20 23 24 25 28 31 32 35 36 39 40 41 131 133 134 135 136 137 138 140 160 161 162 169 171 172 173 194 195 196 197 198 199 200 201 202 203 204 205 206 207 208 209 210 211 236 237 238 239 240 241 242 243 244 245 246 247 248 249 250 251 253 254 255 256 257 258 259 260 261 262 263 264 265 268 269 271 272 274 275 277 
YLR268W  2nup C CA 1 78 79 80 83 124 126 127 128 129 130 131 132 
YOR151C  2pmz B BA 334 337 440 441 443 444 445 446 447 448 449 450 453 454 455 456 458 460 461 462 464 465 468 558 559 560 561 618 621 622 624 625 626 628 629 637 641 644 647 648 658 659 660 661 662 663 664 666 667 668 726 727 728 729 730 731 732 734 735 736 737 833 873 874 875 877 885 886 887 888 889 911 912 913 914 915 916 917 918 919 921 924 925 928 944 945 950 951 954 963 964 965 967 972 974 975 977 979 980 981 982 983 984 995 997 998 1000 1001 1002 1003 1004 1005 1006 1009 1011 1012 1013 1014 1015 1016 1017 1018 1019 1025 1026 1027 1028 1029 1030 1031 1032 1033 1034 1035 1036 1037 1038 1039 1040 1041 1042 1043 1044 1046 1047 1048 1049 1051 1052 1053 1054 1056 1060 1064 1066 1067 1068 1069 1070 1071 1073 1080 1081 1089 1090 1091 1093 1094 1095 1096 1097 1098 1099 1100 1101 1102 1103 1104 1105 1106 1107 1108 1109 1110 1111 1112 1113 
YKL210W  4ii2 A AC 199 543 583 584 585 586 589 590 591 592 593 596 597 598 642 643 645 646 684 685 687 688 689 690 693 694 695 696 697 701 706 762 763 915 943 944 946 948 949 950 951 955 956 957 961 965 977 979 992 993 994 1002 1004 1005 1007 
YOR341W  4c2m A AK 487 489 490 583 606 607 608 609 610 611 689 690 693 694 696 697 698 701 702 703 704 707 710 711 712 714 815 822 
YFL009W  3mks D DC 269 270 271 272 273 274 275 277 278 279 282 285 286 287 289 290 291 294 297 298 299 300 301 302 303 304 305 306 352 353 356 
YKL058W  1rm1 B BA 66 67 68 69 70 71 72 73 74 76 79 112 
YEL051W  3vr4 G GF 7 162 165 166 169 184 192 199 203 
YFL044C  3by4 A AB 118 120 121 152 153 154 156 157 158 159 165 168 175 176 177 178 179 180 182 186 194 196 198 199 201 202 203 204 205 206 207 208 209 218 220 221 223 
YJL203W  4dgw B BA 89 90 91 94 95 97 98 99 101 102 105 109 110 112 116 117 119 121 122 138 141 142 144 145 146 148 149 150 151 152 153 155 156 157 158 160 161 162 163 164 165 167 168 169 171 172 173 175 176 179 
YHR013C  4kvm E EA 1 2 3 4 5 7 8 9 11 12 15 16 19 20 21 22 23 25 26 27 28 29 32 33 35 36 37 38 39 40 43 48 51 79 80 81 82 83 84 85 90 94 97 98 101 102 103 140 
YGR095C  4ifd D DA 9 10 11 12 13 23 25 27 28 29 31 34 35 36 37 40 49 51 53 54 55 56 57 58 59 64 67 87 89 91 93 95 96 97 
YKL135C  2jkr B BM 35 38 39 42 43 63 64 67 68 71 74 75 78 101 108 112 114 136 139 140 143 146 147 150 175 178 179 182 183 186 189 215 216 217 220 221 224 252 253 254 257 258 261 295 297 298 300 301 328 329 331 332 333 335 336 360 363 364 365 366 367 368 371 375 401 405 409 440 441 442 443 445 474 475 476 477 478 515 566 568 569 570 571 573 574 576 
YBR058C  3ihp A AC 335 336 426 427 432 433 434 435 437 438 441 445 449 467 469 478 480 482 483 484 485 486 488 490 541 542 543 544 545 546 548 553 556 558 560 572 574 575 576 577 578 581 582 583 584 586 614 615 616 617 676 677 678 723 724 729 730 733 734 736 737 738 741 786 791 792 793 794 796 826 
YNL025C  3rgf B BA 1 2 3 4 7 8 9 13 72 76 79 80 81 82 85 93 96 97 98 99 101 102 130 134 136 137 138 139 140 141 143 144 147 148 149 150 151 153 
YOR150W  2hgj M ME 77 78 79 
YIL050W  2pk9 B BA 27 91 92 93 94 97 129 132 133 134 135 136 137 138 140 141 142 152 156 159 160 163 164 167 168 169 170 179 183 
YDL155W  2jgz B BA 168 169 170 171 173 174 175 177 178 181 185 219 221 253 254 257 258 259 260 261 263 264 265 266 279 283 286 287 290 291 294 295 296 297 298 304 307 311 
YGL087C  2gmi B BA 3 4 5 7 8 11 12 14 15 18 30 33 34 35 36 38 
YDL140C  3h0g A AK 362 364 365 373 374 375 467 469 470 471 472 475 549 550 553 554 557 558 562 563 564 565 566 661 664 665 
YDL140C  3h0g A AI 700 703 704 705 706 707 710 714 715 716 717 779 787 788 793 794 795 796 798 1150 1151 1152 1153 1154 1155 1156 1157 1158 1159 1160 1161 1164 1165 1166 1167 1193 1194 1199 1261 1263 1267 1270 1274 
YDL140C  3h0g A AH 542 543 544 545 546 568 569 570 571 572 573 574 575 577 579 581 582 595 597 601 603 604 605 606 607 608 612 614 615 617 618 619 620 621 744 745 746 972 975 977 979 
YDL140C  3h0g A AG 12 13 14 15 17 502 1439 1448 1449 1450 1451 1453 1456 1457 1459 
YDL140C  3h0g A AF 15 384 385 386 387 388 389 390 393 434 435 437 443 445 446 458 500 501 502 504 505 506 508 509 510 515 857 858 859 863 880 882 883 999 1004 1005 1007 1053 1057 1058 1062 1063 1064 1065 1439 1442 1443 1444 1445 1446 1447 1448 1449 1450 1451 1452 1454 1455 1456 1459 
YDL140C  3h0g A AC 539 544 574 575 673 674 676 678 679 743 744 746 747 748 
YDL140C  3h0g A AB 9 10 11 12 13 14 15 16 17 18 19 20 21 22 23 24 28 29 31 32 34 59 71 72 73 74 76 77 78 79 80 81 82 83 94 97 233 234 239 242 245 246 248 249 251 252 253 254 255 258 259 260 261 266 309 310 311 321 324 325 326 331 332 334 335 338 341 343 344 345 346 347 348 349 350 351 352 353 354 355 356 357 358 359 360 361 362 363 364 373 375 376 379 380 409 410 412 418 423 439 449 451 453 454 455 456 457 458 460 461 471 472 473 475 478 481 482 487 488 489 490 492 494 496 497 498 499 500 502 503 506 507 510 511 516 530 531 532 535 539 548 550 660 662 663 664 665 666 667 668 669 670 671 672 673 674 675 676 677 679 686 690 693 748 749 752 753 757 758 759 763 766 767 776 777 781 782 783 784 785 786 787 788 789 790 791 792 793 794 795 796 797 801 807 808 810 811 812 813 814 815 816 817 818 819 820 821 822 823 824 826 827 828 830 831 832 833 834 835 839 841 842 844 845 848 849 852 1065 1066 1069 1070 1073 1267 1271 1275 1403 1411 1415 1416 1419 1430 1431 1434 1435 1436 1437 1438 1439 1440 1442 1443 1444 1445 
YKL013C  1k8k F FA 89 92 93 96 97 99 100 152 155 156 159 160 
YDL136W  3u5e h hL 109 110 111 112 113 114 115 116 117 118 119 120 
YDR378C  4m75 D DC 28 30 32 34 39 40 41 42 44 46 48 54 65 67 69 70 71 72 73 74 77 
YOR151C  2pmz B BN 135 139 142 143 144 145 146 679 682 683 684 685 686 694 695 696 697 698 699 700 702 714 715 716 717 720 721 723 744 747 748 749 849 894 900 901 902 903 904 905 907 931 933 934 935 936 937 938 939 960 962 968 985 987 
YDR378C  4m75 D DA 29 30 32 54 56 62 64 65 
YPR120C  4ii5 B BA 177 178 179 181 182 185 186 189 193 228 230 262 263 266 267 268 269 270 271 272 273 274 275 288 292 293 295 296 299 300 303 304 305 306 307 308 313 316 317 320 
YDR378C  4m75 D DE 15 16 18 25 27 29 31 41 57 58 60 76 78 80 81 82 83 85 
YJR005W  2jkr B BA 36 415 416 419 450 474 478 479 482 483 486 490 511 512 513 514 515 516 517 518 520 521 522 524 525 526 528 529 532 533 536 539 540 541 543 544 545 546 547 548 549 550 551 
YJL011C  2ckz A AB 1 2 3 4 5 6 7 8 9 10 11 13 15 16 19 20 23 50 52 54 55 58 59 61 62 65 66 68 
YDL130W-A  3zia T TM 11 12 19 20 22 23 24 26 27 30 31 34 
YLR440C  3k8p D DC 601 641 645 648 649 651 652 653 654 655 656 657 659 660 663 664 666 667 670 671 673 674 676 678 679 680 681 684 
YBL078C  3rui B BA 28 37 38 39 46 49 50 51 52 54 55 56 58 59 60 61 62 63 65 66 67 72 73 74 75 76 77 79 82 83 84 85 86 87 88 110 112 113 114 115 116 
YJL024C  4hmy S SM 10 11 37 40 41 42 43 45 46 61 66 
YML077W  3cue C CE 11 13 42 45 49 52 56 62 63 64 66 80 82 83 84 85 86 87 104 107 108 109 111 112 113 115 116 117 118 119 122 123 125 131 133 134 
YDR298C  2wss S SC 11 12 13 14 184 
YGL238W  1wa5 C CA 14 15 17 20 21 24 25 27 28 52 55 56 59 60 62 63 66 67 100 103 104 107 145 149 152 255 256 261 268 307 363 366 367 370 371 565 609 610 611 613 614 617 618 653 656 660 886 887 888 889 890 891 894 896 
YGL238W  1wa5 C CB 70 71 72 73 74 113 114 115 117 118 119 120 150 152 153 154 155 156 157 158 159 160 161 162 163 164 165 166 167 168 171 216 218 219 220 221 222 223 226 227 271 275 276 277 278 279 280 314 317 321 322 323 370 371 379 387 390 435 436 437 438 439 440 441 444 445 527 530 531 532 533 578 579 614 618 828 871 872 874 875 876 877 878 880 886 899 915 
YGR104C  2hzs B BA 2 4 32 33 34 35 36 43 46 47 48 49 50 51 52 53 54 55 59 60 61 62 64 67 68 69 163 164 165 166 167 168 170 185 186 187 188 189 190 191 192 193 194 195 196 197 203 204 206 207 208 209 221 223 231 256 258 260 
YBL037W  2vgl A AB 21 22 24 250 299 301 459 462 463 466 467 470 502 535 536 539 540 543 547 569 570 571 572 573 574 575 577 578 579 581 582 583 585 586 589 590 594 597 598 599 600 602 603 604 605 606 608 
YBR082C  4mdk A AE 23 26 48 49 50 51 111 112 119 121 122 125 126 128 129 130 132 133 134 135 137 
YBL037W  2vgl A AS 10 13 14 17 18 21 29 56 60 63 64 66 67 68 69 71 87 88 89 92 93 96 100 126 127 133 136 137 138 139 140 163 166 167 170 171 173 174 177 178 200 202 205 206 209 246 247 249 250 254 256 257 259 260 263 300 301 307 308 311 312 342 343 344 345 347 348 351 381 382 383 384 388 
YPL078C  2cly A AB 151 152 154 155 156 158 159 162 
YIL062C  1k8k G GB 10 11 12 14 15 16 17 19 20 21 
YGR220C  1vor E EO 110 111 114 
YGR220C  1vor E EK 147 148 149 151 
YDL029W  3ukr B BC 225 314 315 318 343 344 345 346 
YOL021C  4ifd J JC 268 271 274 293 294 368 371 372 374 375 376 378 820 874 875 878 882 
YLR170C  1w63 S SA 13 14 15 16 17 18 19 20 21 22 23 24 25 28 29 42 45 46 47 48 49 50 51 56 73 74 75 76 77 78 79 80 81 82 83 86 89 101 104 105 106 107 108 109 111 112 115 116 117 119 120 122 123 124 125 126 127 128 129 130 133 134 135 137 138 139 141 142 145 146 
YPL002C  1u5t A AD 196 197 200 204 
YPR066W  1yov B BA 62 65 66 69 70 85 86 88 89 90 92 93 94 95 96 110 111 113 114 115 116 184 185 186 213 216 217 220 221 222 223 224 227 254 271 272 273 274 278 279 280 282 283 286 288 289 290 291 292 293 294 297 298 301 302 304 305 306 309 315 316 318 322 324 325 326 327 328 329 330 331 332 334 
YOR341W  4c2m A AO 35 36 37 38 39 40 42 50 57 58 59 69 70 71 366 369 370 371 372 376 377 378 379 380 381 382 383 384 387 388 391 392 394 395 396 398 399 402 403 405 406 407 410 411 414 415 418 419 421 422 425 426 429 433 462 463 469 470 475 477 478 535 543 1380 1382 
YDR395W  1wa5 C CA 17 20 21 24 25 27 28 52 55 56 59 60 62 63 66 67 100 103 104 107 145 255 256 261 268 307 363 366 367 370 371 565 609 610 611 
YDR395W  1wa5 C CB 71 72 73 74 113 114 115 117 118 119 120 153 154 155 156 157 158 159 160 161 216 218 219 220 221 222 223 226 227 271 275 276 277 278 279 280 314 317 321 322 323 370 371 379 387 390 435 436 437 438 439 440 441 444 445 527 530 531 532 533 578 579 
YOR326W  1oe9 A AB 713 766 767 768 770 771 772 773 774 775 776 777 778 779 780 781 782 783 784 785 786 787 789 790 791 
YGR244C  1euc B BA 121 122 123 124 126 127 128 141 157 158 159 195 196 199 200 201 225 226 227 228 229 231 232 249 258 259 260 262 271 272 273 274 275 277 278 280 281 282 284 285 290 293 297 298 301 326 327 328 329 355 357 358 359 380 381 382 
YML121W  3r7w A AB 167 203 204 238 239 242 245 246 249 252 253 256 257 258 259 260 261 262 263 264 265 266 267 268 269 270 271 272 273 275 277 285 287 295 296 
YNL232W  4ifd I IC 140 142 156 157 186 187 188 190 191 192 193 194 195 196 197 199 200 229 255 256 258 265 266 268 269 270 277 278 279 289 291 
YOR217W  1sxj A AC 635 636 637 638 639 
YOL142W  4ifd G GC 30 
YNR035C  1k8k D DC 282 
YPL042C  4g6l A AB 57 58 59 60 61 64 65 67 68 69 71 72 73 84 86 91 92 93 141 144 145 146 147 150 177 178 179 180 181 210 
YNL232W  4ifd I ID 142 143 144 145 202 226 227 260 261 262 263 
YGL208W  2qlv B BC 212 214 216 225 227 231 232 233 234 235 236 237 238 239 242 244 
YPR010C  4c2m B BA 204 225 228 252 254 255 256 257 259 267 268 269 270 271 272 275 301 304 305 307 308 311 312 315 316 317 329 330 333 334 337 390 398 467 482 483 485 486 495 504 507 510 511 512 513 514 515 518 519 520 521 522 523 524 525 528 529 530 531 533 534 535 536 537 538 539 540 542 543 632 633 634 635 636 669 670 671 672 673 674 675 676 677 680 682 685 686 690 693 696 697 701 707 708 709 710 711 712 713 715 716 717 720 721 723 724 775 776 777 778 779 780 781 782 783 784 785 786 870 872 912 913 914 916 924 926 927 928 929 931 950 951 952 953 954 955 956 957 958 960 963 964 967 984 987 988 991 992 993 994 1007 1008 1010 1015 1017 1018 1020 1021 1022 1023 1024 1025 1026 1027 1037 1039 1040 1041 1042 1044 1045 1046 1047 1048 1049 1052 1053 1054 1055 1056 1057 1058 1059 1060 1061 1068 1069 1070 1071 1072 1073 1074 1075 1076 1077 1078 1079 1080 1081 1082 1083 1084 1085 1086 1087 1088 1089 1090 1091 1092 1093 1094 1095 1096 1097 1098 1100 1103 1105 1110 1111 1112 1113 1114 1115 1116 1117 1129 1130 1132 1133 1134 1161 1162 1163 1174 1175 1176 1177 1178 1179 1180 1181 1182 1183 1184 1185 1187 1188 1189 1190 1191 1192 1193 1194 1195 1196 1197 1198 1199 1200 1201 1202 
YAL005C  3d2f B BA 22 23 24 25 27 30 31 32 33 34 36 48 50 53 54 57 58 61 133 134 135 136 247 258 261 262 265 269 273 276 277 278 279 280 281 283 285 286 290 294 296 298 299 300 301 303 304 311 327 328 329 342 345 348 352 355 357 364 365 367 
YDL064W  4mdk A AE 48 49 50 51 110 111 112 119 121 122 125 126 128 129 130 132 133 134 135 137 
YGR003W  4a0c E EF 608 616 640 643 644 651 675 676 677 678 679 680 681 682 683 684 685 686 687 688 689 690 697 700 701 704 705 712 717 718 719 720 721 722 723 724 727 728 729 730 731 732 733 734 735 736 742 743 747 750 753 754 756 757 760 810 812 841 844 845 848 849 851 852 855 889 892 896 897 898 911 913 
YHR069C  4ifd H HA 58 74 75 76 77 79 81 
YLR433C  1aui A AB 15 16 17 18 21 22 23 24 26 53 55 168 339 340 341 342 343 347 348 349 350 351 352 353 354 355 356 357 358 359 360 361 362 363 364 365 366 367 368 369 370 371 372 373 
YOL005C  1i3q K KC 6 7 9 10 11 17 18 19 20 21 35 37 38 39 40 41 42 44 45 46 48 49 52 84 87 88 91 92 94 95 97 98 99 100 101 102 103 104 105 106 107 108 109 112 113 114 
YOR207C  2waq B BN 142 145 146 147 148 149 682 685 686 687 688 689 697 698 699 700 701 702 703 705 717 718 719 720 723 724 726 747 750 751 752 803 804 851 852 897 905 906 907 908 910 934 936 937 938 939 940 941 942 963 965 971 988 989 990 
YKR094C  4mdk E EA 6 8 42 44 45 46 47 48 49 68 69 70 71 72 73 74 
YOR217W  1sxj A AD 635 636 
YDR045C  3qt1 I IA 15 17 18 23 24 25 30 
YLL045C  3u5e G GA 36 37 38 39 40 41 43 
YDL140C  3h0g A AE 859 861 863 866 867 868 869 870 871 872 873 876 877 949 950 952 957 958 959 960 1003 1007 1009 1010 1012 1013 1016 1017 1018 1019 1020 1021 1122 1218 1280 1320 1321 1323 1324 1325 1326 1328 1330 1331 1332 1333 1334 1341 1342 1343 1344 1345 1346 1347 1348 1349 1351 1352 1353 1356 1359 1371 1372 1379 1382 1383 1384 1385 1386 1399 1428 
YHR069C  4ifd H HI 119 121 153 156 157 158 160 
YJL140W  1y1v D DG 4 5 6 7 8 9 23 24 25 29 30 32 33 37 38 39 40 45 47 48 49 50 52 55 58 59 62 63 66 69 70 72 73 119 134 135 137 138 139 140 141 143 144 146 147 148 150 151 175 178 179 182 183 184 187 189 190 193 194 196 
YGL058W  4mdk A AE 23 26 48 49 50 51 112 119 121 122 125 126 128 129 130 132 133 134 135 137 152 
YOR116C  2pmz A AB 200 201 206 209 212 213 215 216 218 219 221 235 276 277 278 298 299 301 302 305 306 308 309 310 311 312 313 314 315 316 317 318 319 320 321 322 323 324 325 326 327 328 329 330 331 332 340 342 343 346 347 348 377 385 408 418 420 422 423 424 425 426 427 428 430 431 440 441 442 444 447 450 456 457 458 459 461 463 465 466 467 468 469 471 472 475 476 479 480 485 499 500 501 502 504 514 515 519 520 523 636 637 638 639 640 641 642 643 644 645 646 647 648 649 651 658 724 725 728 733 734 735 739 740 742 743 752 753 758 759 760 761 762 764 765 766 767 768 769 770 771 772 786 787 788 789 790 791 792 793 795 796 798 799 800 802 803 804 806 807 808 810 811 817 820 821 824 825 828 
YGR261C  2jkr B BA 36 415 416 419 450 474 478 479 482 483 486 490 
YJL124C  4m75 A AD 155 158 159 160 161 162 163 165 
YFR004W  4o8x B BA 30 31 32 34 35 36 38 39 40 42 43 66 67 70 71 72 73 84 87 90 91 94 95 97 98 99 100 146 147 148 149 150 151 203 205 206 208 209 210 211 212 213 214 215 216 217 218 
YLR268W  2nup C CB 14 15 18 19 20 21 22 23 30 34 38 107 108 109 110 113 114 116 117 120 121 124 
YDL229W  3d2f B BA 22 23 24 27 30 31 32 33 34 36 48 50 53 54 57 58 61 133 134 135 136 247 258 261 262 265 269 273 276 277 278 279 280 281 283 285 286 290 294 296 298 299 300 301 303 304 311 327 328 329 342 345 348 352 355 357 364 365 367 
YER103W  3d2f B BA 22 23 24 25 27 30 31 32 33 34 36 48 50 53 54 57 58 61 133 134 135 136 247 258 261 262 265 269 273 276 277 278 279 280 281 283 285 286 290 294 296 298 299 300 301 303 304 311 327 328 329 342 345 348 352 355 357 364 365 367 
YJR005W  2jkr B BM 35 38 39 42 43 63 64 67 68 71 74 75 78 101 108 112 114 136 139 140 143 146 147 150 175 178 179 182 183 186 189 215 216 217 220 221 224 252 253 254 257 258 261 295 297 298 300 301 328 329 331 332 333 335 336 360 363 364 365 366 367 368 371 375 401 403 405 409 440 441 442 443 445 474 475 476 477 478 515 566 568 569 570 571 573 574 576 
YHR120W  2o8e A AB 527 528 529 530 533 534 541 542 543 544 545 546 549 668 669 670 671 672 723 724 725 726 729 730 732 733 736 737 749 752 753 754 755 756 757 758 760 761 762 764 765 766 768 769 773 783 784 785 786 793 809 825 827 828 830 831 832 833 834 835 836 837 839 840 843 844 
YLR048W  3u5c A AR 9 11 14 15 18 19 23 24 38 39 40 41 42 43 47 48 49 50 51 84 87 88 91 97 101 113 168 197 198 199 200 201 205 
YBR234C  1k8k C CD 8 
YKL058W  1rm1 B BC 7 9 10 12 13 14 15 18 19 21 22 23 25 26 31 32 33 36 39 40 43 44 46 47 48 49 50 51 52 53 55 56 57 58 59 60 61 62 63 64 65 66 67 68 69 71 74 76 78 79 80 85 87 106 107 108 109 110 111 112 113 114 115 116 117 118 119 
YNL113W  4c2m K KC 42 43 44 46 47 48 49 51 63 65 68 69 70 71 72 74 75 76 77 78 79 82 114 117 118 119 121 122 123 124 125 126 127 128 129 130 131 132 133 134 135 136 138 139 142 
YDR177W  4mdk A AE 23 26 48 49 50 51 111 112 119 121 122 125 126 128 129 130 132 133 134 135 137 152 
YMR033W  4i6m B BD 20 32 33 34 35 36 37 38 51 52 53 54 55 56 58 81 82 84 85 86 87 88 89 90 91 92 93 95 102 103 106 107 108 109 125 126 129 133 134 135 136 137 138 426 451 454 455 457 458 459 460 
YMR235C  1k5d C CA 10 12 41 42 43 68 69 71 72 73 74 75 76 79 80 103 104 105 106 107 108 109 110 131 132 133 134 135 136 137 168 169 170 172 195 196 200 224 225 226 227 229 253 255 283 342 344 345 
YPR131C  4kvm E EA 3 4 5 7 8 9 11 12 15 16 19 20 21 22 23 25 26 27 28 29 32 33 35 36 37 38 39 40 43 48 51 79 80 81 82 83 84 85 90 94 97 98 101 102 103 140 
YBR154C  1i3q E EB 171 
YBR154C  1i3q E EA 10 11 14 138 141 142 144 146 147 148 149 150 151 153 160 163 164 167 168 169 170 173 174 175 176 177 178 179 182 183 184 192 197 198 200 201 202 203 204 205 206 207 208 209 210 211 212 215 
YBR154C  1i3q E EF 168 169 170 174 
YCR035C  4ifd C CJ 251 252 253 254 255 256 257 258 262 263 265 267 270 272 
YCR035C  4ifd C CI 10 12 13 14 15 16 17 18 20 21 22 24 25 26 27 28 29 33 138 140 303 305 306 337 341 
YCR035C  4ifd C CF 58 59 61 62 68 69 70 71 72 73 74 75 81 84 86 88 90 92 93 94 95 96 97 131 132 133 135 137 138 139 140 141 142 143 144 146 149 152 153 156 177 211 212 214 216 218 220 221 222 223 244 247 273 274 275 276 277 278 
YCR035C  4ifd C CG 303 305 
YCR035C  4ifd C CD 122 123 124 125 146 149 150 152 153 154 157 158 160 161 162 163 290 355 356 357 358 359 360 361 362 363 364 365 366 367 368 369 371 374 375 378 382 
YMR297W  1wpx A AB 27 53 56 105 106 107 108 110 111 146 147 178 188 216 220 229 230 231 234 235 237 238 239 241 242 245 246 249 250 255 256 262 266 267 268 296 299 300 301 303 304 305 307 308 309 312 340 341 
YCR035C  4ifd C CA 99 256 259 260 261 262 266 267 268 269 
YGR158C  4ifd F FC 6 7 8 9 10 11 12 14 15 16 17 18 19 20 21 52 53 54 55 74 78 81 96 98 99 100 101 102 103 104 136 138 140 142 143 145 146 147 148 149 164 
YPR110C  4c2m C CJ 51 89 91 92 93 100 103 104 105 142 153 154 157 161 163 188 189 190 191 192 193 194 195 196 197 198 199 200 217 218 220 222 223 224 303 305 
YDR280W  4ifd A AH 205 207 208 210 211 212 213 
YPR110C  4c2m C CH 290 
YDR280W  4ifd A AJ 119 121 122 185 187 188 189 190 191 241 242 243 244 269 
YDR280W  4ifd A AD 2 3 41 42 43 46 48 53 55 57 59 60 61 80 82 83 84 85 86 87 88 89 90 91 92 93 135 137 139 141 142 143 144 225 
YDR280W  4ifd A AG 3 4 5 6 7 8 9 10 11 13 14 15 17 18 21 23 24 25 27 89 90 226 
YDR280W  4ifd A AF 66 82 
YPR110C  4c2m C CB 61 62 65 68 69 72 73 91 92 93 94 95 96 99 103 151 153 197 213 214 215 216 217 220 222 224 226 227 228 229 231 273 274 275 276 277 278 281 293 295 298 
YDR280W  4ifd A AB 96 97 99 100 102 103 105 106 109 110 114 115 190 191 206 207 208 209 210 211 212 214 215 217 232 234 235 239 243 244 245 246 247 248 249 250 251 252 253 254 255 256 257 258 259 261 262 265 266 269 
YHR058C  4h63 F FH 81 82 83 84 86 87 88 90 106 107 109 111 112 114 116 118 119 120 121 122 123 124 125 126 127 128 129 130 131 132 133 134 135 136 137 138 139 140 143 144 146 147 155 157 
YGL116W  4aez A AB 369 
YBR039W  3oe7 G GI 33 115 119 123 124 126 127 128 129 130 131 132 133 135 136 139 140 141 142 144 145 146 147 148 149 151 153 207 208 211 212 215 
YHR165C  3zef B BA 909 910 913 926 927 928 930 1325 1327 1330 1333 1334 1336 1337 1340 1392 1393 1398 1400 1497 1500 1501 1521 1523 1524 1525 1535 1537 1538 1539 1540 1542 1543 1595 1596 1597 1598 1600 1602 1603 1604 1623 1625 1626 1627 1628 1629 1634 1636 1637 1640 1642 1643 1644 1646 1647 1649 1650 1651 1652 1656 1814 1818 1821 1855 1856 1858 1859 1860 1861 1862 1863 1864 1865 1866 1872 1875 1906 1907 1908 1910 1911 1922 1937 1938 1939 1942 1945 1946 1947 1949 1950 2167 2168 2169 2170 2171 2172 2173 2187 2265 2267 2339 2340 2341 
YBL021C  4g91 B BC 42 44 45 46 47 48 49 52 53 55 56 57 59 60 61 62 64 65 66 67 68 70 71 74 75 77 78 79 80 81 82 83 84 85 86 87 88 91 92 95 99 100 101 102 103 104 107 108 111 115 116 117 118 119 121 122 123 125 126 127 129 130 131 132 
YGR180C  1jk0 B BA 33 35 36 37 38 39 46 49 50 53 56 58 60 90 102 111 114 115 118 119 121 122 125 126 128 129 132 133 135 136 141 143 149 
YGL190C  3dw8 B BA 103 104 105 106 107 110 123 127 129 131 132 133 134 135 136 146 147 149 150 151 152 153 154 155 157 165 169 170 187 188 189 190 204 206 237 238 239 240 256 257 258 259 260 264 
YOR261C  4ocl A AB 12 13 15 16 17 19 20 21 23 24 25 49 50 53 54 55 69 72 75 76 78 79 80 82 83 84 87 123 124 125 127 129 130 131 132 133 161 164 165 166 167 169 170 171 172 173 174 175 176 
YGR158C  4ifd F FD 6 7 8 9 
YHR171W  3rui A AB 333 334 335 367 436 437 438 439 440 443 461 462 463 464 465 466 467 468 486 488 489 490 491 492 493 495 496 497 500 501 507 508 509 510 511 548 550 552 554 555 559 561 562 563 564 566 567 599 607 608 610 611 612 614 617 618 619 620 
YOL133W  4a0k B BA 19 20 21 22 23 24 25 26 27 28 29 30 31 32 33 34 35 36 37 
YIL046W  3mks D DC 270 271 272 273 274 275 277 278 279 282 285 286 287 289 290 291 294 297 298 299 300 301 302 303 304 305 306 352 353 356 
YGL076C  3u5e F FQ 88 92 95 100 104 109 110 111 
YPR029C  1w63 A AB 15 16 18 282 438 439 442 443 478 482 520 521 524 525 528 532 552 553 554 555 557 558 560 561 562 564 565 566 567 568 569 572 573 576 579 580 581 583 585 587 
YPL195W  1w63 A AM 18 19 20 21 24 
YPL195W  1w63 A AB 15 16 18 
YPR029C  1w63 A AM 18 19 20 21 24 398 399 402 403 406 410 431 432 434 435 436 589 
YER148W  1rm1 A AC 87 88 89 90 91 93 105 106 107 110 112 127 138 142 145 146 
YER148W  1rm1 A AB 83 86 87 90 91 92 93 94 95 97 105 107 
YPR029C  1w63 A AS 7 8 11 12 15 20 51 54 55 57 58 59 60 61 63 78 79 80 83 84 87 90 91 92 93 94 95 115 117 120 121 124 127 128 129 152 155 156 159 160 163 166 167 187 188 189 192 193 196 233 234 235 236 237 242 243 244 247 248 251 254 255 258 283 284 286 287 288 290 291 294 316 322 323 324 326 327 330 334 357 358 359 360 361 364 
YKR084C  3vmf A AB 62 63 64 67 68 73 96 97 99 239 243 244 245 246 247 248 277 301 302 303 304 305 306 308 309 335 336 340 341 342 343 344 346 348 353 355 357 359 378 379 381 413 414 415 416 
YPL195W  1w63 A AS 7 8 11 12 15 20 51 54 55 57 58 59 60 61 63 78 79 80 83 84 87 90 91 92 93 94 95 115 117 120 121 124 127 128 129 152 155 156 159 160 163 166 167 187 188 189 192 193 196 242 243 244 247 248 251 254 255 258 284 286 287 288 290 291 294 316 322 323 324 326 327 330 334 357 358 359 360 361 364 
YGL246C  3fqd B BA 45 46 47 158 159 160 161 162 163 164 167 168 204 205 206 209 231 236 287 288 
YGL076C  3u5e F FS 70 75 76 77 138 223 224 225 231 233 235 
YOR014W  2npp E ED 96 97 98 99 100 151 152 155 159 162 189 192 193 196 199 200 202 203 204 206 235 238 239 243 246 281 282 319 
YDL181W  3zia T TM 11 12 19 20 22 23 24 26 27 30 31 34 
YIL062C  1k8k G GC 22 23 24 25 26 27 100 101 104 134 135 136 137 138 139 142 143 146 147 148 149 
YGR261C  2jkr B BM 35 38 39 42 43 63 64 67 68 71 74 75 78 101 108 112 114 136 139 140 143 146 147 150 175 178 179 182 183 186 189 215 216 217 220 221 224 252 253 254 257 258 261 295 297 298 300 301 328 329 331 332 333 335 336 360 363 364 365 366 367 368 371 375 401 403 405 409 440 441 443 445 474 475 476 477 478 
YPR110C  4c2m C CK 31 32 33 34 36 37 40 41 42 43 44 45 46 47 52 54 56 59 60 62 63 65 66 67 69 70 73 74 311 314 315 318 319 321 322 324 325 326 327 328 329 331 332 333 334 335 
YDL029W  3ukr B BF 200 222 223 225 229 230 232 233 234 235 236 237 238 239 240 241 253 308 309 310 311 312 314 315 
YDL029W  3ukr B BG 225 226 266 267 277 280 316 319 320 322 323 324 326 327 328 334 337 338 
YDL029W  3ukr B BA 198 199 200 201 202 203 204 205 207 208 209 248 250 253 
YDL135C  4f38 B BA 25 26 27 28 30 31 32 33 38 41 42 45 46 47 48 50 51 52 54 55 110 122 124 125 127 139 140 141 142 144 145 146 147 148 149 150 161 162 163 164 166 184 185 
YAR007C  4gnx C CB 266 453 474 476 478 530 531 532 533 534 535 572 573 575 576 577 578 608 609 611 612 615 616 618 619 
YOR194C  1rm1 C CA 228 229 230 231 232 
YNL290W  1sxj C CE 312 313 
YOR185C  3m1i A AC 14 45 46 47 48 49 64 66 72 73 76 77 78 79 80 81 83 84 95 96 97 98 101 102 104 105 108 112 113 115 116 126 131 132 134 135 138 139 141 142 143 144 145 146 147 148 149 150 155 157 158 160 165 169 174 208 209 210 214 215 
YNL312W  4gnx B BC 46 47 48 49 50 77 79 109 123 131 133 148 149 150 151 154 155 157 158 161 164 165 167 168 169 
YDL111C  4ifd E EF 88 90 93 94 96 97 98 100 101 104 107 211 221 222 223 224 225 226 227 228 230 233 234 236 237 238 239 240 241 244 245 248 252 
YDL111C  4ifd E EB 40 41 42 43 44 49 53 54 55 57 59 61 63 77 79 81 83 84 85 86 87 125 127 128 129 131 132 134 
YOR358W  4g91 C CB 49 51 52 68 71 72 75 76 77 78 80 81 82 85 86 87 88 91 92 94 95 96 98 99 101 102 103 104 105 106 107 108 109 111 112 113 115 116 117 118 119 120 121 122 123 124 125 126 129 133 138 139 140 141 142 145 154 157 158 161 162 
YMR038C  1jk9 B BA 69 70 71 77 81 83 85 87 103 105 135 136 137 138 139 140 186 187 188 214 215 216 217 218 219 223 224 225 226 227 228 229 230 231 232 
YPR010C  4c2m B BN 9 10 11 13 286 290 294 295 297 298 566 567 568 569 571 575 576 577 578 583 595 596 597 600 603 606 607 610 611 654 655 656 657 658 659 678 679 681 682 683 684 686 687 940 941 974 975 977 979 984 985 986 987 989 990 995 998 999 1001 1002 1003 1004 1005 
YDL111C  4ifd E EH 2 3 4 5 6 7 9 10 11 13 14 17 19 21 22 23 24 25 26 27 29 30 31 32 33 34 35 36 37 38 39 40 49 57 59 143 147 204 254 257 258 261 262 264 265 
YDL111C  4ifd E EI 240 
YDL111C  4ifd E EJ 39 42 43 44 45 64 65 66 120 122 153 155 159 163 164 165 166 167 168 169 170 171 172 173 174 175 176 177 
YEL012W  4mdk A AE 48 49 50 51 119 121 122 125 126 128 129 130 132 133 134 135 137 152 
YKL073W  3d2f A AB 21 22 23 24 25 30 31 32 34 52 55 56 59 185 186 187 262 266 276 277 279 280 281 282 285 289 290 293 294 296 346 351 364 365 366 367 368 369 370 374 
YJR063W  4c2m I IM 2 10 11 12 13 14 31 32 33 34 35 36 
YGR214W  3u5c A AR 9 11 14 15 18 19 23 24 38 39 40 41 42 43 47 48 49 50 51 84 87 88 91 97 101 113 168 197 198 199 200 201 205 
YPR010C  4c2m B BF 1081 1082 1083 1086 1203 
YLL024C  3d2f B BA 22 23 24 25 27 30 31 32 33 34 36 48 50 53 54 57 58 61 133 134 135 136 247 258 261 262 265 269 273 276 277 278 279 280 281 283 285 286 290 294 296 298 299 300 301 303 304 311 327 328 329 342 345 348 352 355 357 364 365 367 
YMR314W  4g4s F FP 1 2 3 5 6 14 15 16 17 18 19 20 22 23 26 27 30 120 148 149 150 152 154 
YDL040C  4kvm A AE 185 189 219 220 221 222 226 250 251 252 253 254 255 256 257 258 294 295 296 297 300 301 322 327 328 329 332 333 336 414 415 418 444 447 448 449 450 452 453 474 476 486 487 489 490 491 492 493 494 525 526 529 530 532 533 536 537 540 542 544 545 546 548 549 552 553 559 560 
YIL021W  3how C CK 3 4 5 6 7 8 9 10 11 12 13 14 15 18 20 22 25 26 28 29 31 32 33 35 36 40 84 163 164 165 166 167 168 224 240 241 242 244 245 248 249 251 252 254 255 256 257 258 259 261 262 263 265 266 
YIL021W  3how C CJ 16 55 57 58 62 66 68 69 70 71 110 112 114 135 136 137 138 140 141 142 143 145 146 147 148 149 151 168 169 171 174 175 177 231 233 234 235 237 
YIL021W  3how C CH 187 190 193 218 219 221 
YBL037W  2vgl A AM 24 25 26 27 266 268 269 270 318 319 320 321 347 358 360 363 387 388 391 394 395 396 397 422 423 426 427 430 431 433 434 435 456 458 459 460 464 608 
YIL021W  3how C CB 27 28 31 34 35 38 39 56 57 58 59 60 61 62 65 66 69 164 165 167 168 169 171 174 175 176 177 178 179 180 181 182 184 187 188 189 190 191 192 194 199 200 201 202 
YBR039W  3oe7 G GC 1 2 5 112 113 115 116 269 272 273 276 
YPR010C  4c2m B BK 781 929 931 934 935 1017 1018 1020 
YNL071W  3duf I ID 129 130 131 132 133 136 137 140 154 
YOR341W  4c2m A AD 4 5 6 7 8 9 568 569 570 572 573 
YHR064C  3d2f B BA 22 23 24 25 27 30 31 32 33 34 36 48 50 53 54 57 58 61 133 134 135 136 247 258 261 262 265 269 273 276 277 278 279 280 281 283 285 286 290 294 296 298 299 300 301 303 304 311 327 328 329 342 345 348 352 355 357 364 365 367 
YNL290W  1sxj C CB 40 43 44 45 46 47 52 90 94 98 111 125 128 129 131 132 133 135 136 138 139 142 149 151 154 155 156 158 159 160 161 162 163 165 167 168 202 278 279 282 283 286 288 289 290 293 296 297 298 300 301 303 304 305 307 308 311 312 
YNL248C  4c2m M MB 25 26 27 28 29 65 67 69 70 72 73 74 76 95 97 98 99 100 101 102 104 105 106 108 109 110 111 112 113 114 
YJL072C  2eho C CA 5 8 9 11 12 21 23 24 25 27 28 29 30 31 47 48 51 52 55 57 91 135 146 147 148 150 153 154 160 161 164 165 169 171 
YOL021C  4ifd J JE 21 22 23 24 25 27 29 30 31 32 34 36 160 165 166 170 260 262 263 265 266 269 270 365 366 367 370 
YGL043W  1y1v S SA 240 241 244 245 248 249 251 252 253 254 255 256 257 258 259 260 261 262 263 264 265 266 267 268 269 270 273 275 277 281 282 283 284 285 286 287 288 289 290 291 293 295 296 304 305 306 307 308 309 
YDR390C  3kyc B BA 31 34 35 38 39 54 55 57 58 59 61 62 64 65 79 82 83 84 85 143 144 307 308 310 346 347 374 377 378 383 384 385 386 387 388 389 392 393 396 397 399 400 401 403 404 409 412 414 416 418 420 421 422 424 425 426 427 428 429 431 
YDR390C  3kyc B BD 26 27 28 59 115 116 117 118 119 122 140 141 142 145 146 147 149 157 159 162 163 164 165 166 384 391 415 417 418 419 420 421 422 423 424 425 430 432 433 435 
YLL041C  1yq3 B BA 20 21 22 42 43 45 49 52 53 54 55 56 57 58 60 61 62 63 64 65 66 67 69 70 71 72 85 86 88 108 109 112 114 115 116 119 122 123 127 128 129 130 134 136 137 138 139 140 142 143 144 145 146 147 149 152 156 157 158 159 160 189 190 195 226 227 
YDR030C  1p22 A AB 230 233 
YOR341W  4c2m A AI 629 671 754 756 758 759 767 783 860 861 862 863 874 877 878 881 882 885 887 888 891 894 895 898 901 904 905 908 909 912 913 914 932 933 934 935 936 937 938 939 941 942 946 947 948 951 954 1001 1002 1004 1005 1006 1008 1009 1199 1202 1203 1204 1205 1264 1265 1267 1268 1269 1270 1271 1272 1273 1274 1275 1276 1287 1288 1297 1301 1302 1305 1306 1369 1370 1478 1479 1482 1486 1490 1493 1494 1506 1511 1572 1573 1574 
YNR032W  2nyl C CB 89 91 92 121 122 125 126 130 131 134 135 138 140 143 144 188 266 267 268 
YNL063W  2b3t A AB 62 67 68 69 75 76 78 79 89 90 92 93 94 96 97 100 130 183 185 186 187 191 193 197 198 199 202 206 207 
YDR328C  1nex A AB 127 128 129 131 132 135 136 139 144 147 148 151 152 154 155 158 159 160 161 162 163 166 167 168 169 170 171 172 173 174 175 176 180 184 185 
